122
-130
-154
236
150
-259
-172
522
37
-515
106
479
-262
-389
398
304
-432
-259
430
247
-454
-151
511
-7
-520
176
439
-321
-197
487
-98
-865
599
1640
-1877
-2155
3458
2357
-3483
-4952
2587
12316
-4058
-22922
8952
35134
-15780
-50222
25711
67341
-41435
-79662
62402
79788
-84133
-65912
103203
41026
-116435
-9675
121273
-22496
-116507
51531
104293
-75190
-86994
94604
65598
-109114
-40588
117899
16252
-121137
4895
121359
-23812
-118964
42731
113501
-60271
-104579
75663
93005
-89230
-78492
100292
63403
-108125
-49012
114483
32574
-119983
-11651
121809
-9703
-119092
28530
113086
-47964
-103125
69554
87587
-90032
-65939
105331
38200
-114017
-6372
114628
-24745
-107035
50769
92401
-72249
-71477
87194
45595
-91425
-20476
84382
-58
-70386
13257
52287
-17452
-33694
11400
18903
196
-11848
-12559
11719
23272
-18286
-31919
29361
35165
-42019
-32747
52709
25427
-61699
-14531
67451
46
-69097
15440
66273
-31388
-60316
46560
49867
-59503
-35893
67606
19713
-71900
-3190
72199
-13544
-68665
27907
61473
-39360
-52905
47518
42731
-52873
-32104
54541
21651
-54361
-12580
52745
3918
-50285
3539
46291
-10483
-41708
16608
35703
-22393
-29105
26694
21739
-30259
-14408
32228
6523
-33019
687
32158
-7664
-30652
13693
27797
-19198
-24572
23270
20683
-26739
-16887
28793
12574
-30030
-8775
30002
4829
-29642
-1375
28263
-2189
-26730
5197
24362
-8517
-21552
11218
17318
-13496
-12519
14264
6760
-14106
-1128
12304
-4745
-9556
9753
5099
-14076
111
16383
-6046
-17174
11068
16126
-15391
-14668
18273
12732
-20717
-11407
22366
10009
-24303
-9026
26088
7380
-28539
-5393
30736
2071
-32939
1912
33881
-7009
-33904
12033
32222
-17269
-29711
21721
25883
-25970
-21596
29213
16120
-31966
-10088
33086
2954
-32834
4025
30322
-10912
-26359
16394
20409
-20589
-13585
22263
5841
-21916
1230
18948
-7464
-14563
11460
8845
-13781
-3324
13963
-2189
-13071
6651
10715
-10635
-7936
13427
4197
-15721
-393
16586
-3766
-16754
7080
15889
-10265
-15019
12933
13298
-16015
-11133
18777
7397
-21588
-2526
22916
-3955
-22722
10507
20172
-17021
-16436
22199
11422
-26485
-6474
29319
1237
-31840
3606
33503
-8896
-34928
13957
35376
-19788
-35423
26234
33459
-33993
-28786
41172
19766
-46354
-7581
46719
-6505
-41927
19029
31861
-28297
-19124
32344
5271
-31681
6851
26164
-15846
-18270
19651
10073
-19338
-4817
16060
2997
-12889
-5202
11368
9174
-13499
-13246
18183
14864
-24715
-14022
30873
10028
-35924
-4423
38087
-1910
-38077
6839
36046
-10482
-33777
12199
31641
-13445
-31010
14722
30800
-17553
-30725
21321
29106
-26353
-25881
31099
19987
-35053
-12539
36495
3700
-35545
4791
31238
-12445
-24541
17359
15646
-19533
-6409
18032
-2749
-13751
10088
6543
-15561
2157
17951
-12319
-17537
22262
13462
-31558
-6741
38488
-2683
-43070
13379
44108
-25239
-41923
36593
35531
-46855
-25706
53748
12619
-56603
1428
54091
-15157
-47132
25846
36201
-32640
-23878
34200
11552
-31648
-1698
25443
-5079
-17983
7533
10461
-6866
-5048
3548
1815
248
-1486
-3861
2596
5855
-4870
-6909
6840
6636
-8789
-6198
9814
5424
-10872
-5312
11741
4960
-13386
-4708
15066
3494
-17311
-1662
18971
-1601
-20242
5308
20102
-9738
-19119
13740
16509
-17515
-13137
19903
8729
-21393
-4462
21217
66
-20203
3396
17971
-6480
-15552
8481
12319
-10011
-9049
10186
5300
-9639
-2218
7780
-520
-5599
1976
2775
-2830
-368
2414
-2012
-1533
3324
-197
-4074
1529
3650
-2762
-3101
3067
2103
-3253
-1662
2836
1160
-2756
-1199
2428
897
-2582
-837
2434
253
-2512
77
1934
-658
-1402
557
419
-447
100
-298
-769
913
822
-2068
-873
2960
106
-4090
787
4546
-2390
-4857
3731
4287
-5249
-3633
6129
2228
-6965
-736
6739
-1352
-5849
2837
3627
-3905
-1108
3525
-2007
-2173
4425
-832
-6122
4339
5888
-8311
-4348
11317
1054
-13426
2818
13497
-7298
-12143
10949
8944
-13849
-5092
14888
529
-14691
3398
12874
-6990
-10529
9393
7228
-11160
-3910
11455
270
-11048
2656
9466
-5373
-7548
6989
4787
-7986
-2224
7629
-453
-6759
2268
4909
-3712
-3074
4008
913
-3965
640
3109
-2202
-2285
3029
928
-3782
114
3805
-1392
-3900
2183
3455
-3203
-3212
3763
2512
-4542
-2045
4775
1094
-5028
-428
4522
-489
-3963
778
2740
-946
-1734
196
505
754
6
-2486
-261
4075
-583
-5857
1779
6829
-3814
-7520
5818
7085
-8244
-6077
10009
3943
-11480
-1733
11882
-934
-11898
3134
10872
-5340
-9657
6753
7804
-8052
-6222
8604
4416
-9286
-3055
9580
1214
-10049
534
9785
-2765
-9395
4673
8157
-6809
-6657
8202
4262
-9238
-1917
9140
-792
-8618
2951
7021
-4948
-5157
5819
2600
-6101
-367
5128
-1830
-3787
2968
1724
-3580
82
2999
-2069
-2012
3322
108
-4286
1804
4118
-4124
-3454
5868
1721
-7458
206
8059
-2792
-8242
5155
7264
-7722
-5841
9559
3450
-11109
-994
11562
-1935
-11620
4453
10761
-7154
-9707
9267
7772
-11336
-5674
12587
2827
-13605
0
13554
-3284
-12995
6062
11306
-8780
-9295
10633
6401
-12162
-3423
12518
-75
-12247
3059
10732
-5841
-8922
7594
6408
-8976
-3992
9279
1150
-9134
1200
7940
-3502
-6510
4897
4361
-5959
-2383
6011
129
-5780
1524
4681
-3048
-3553
3668
1969
-4101
-802
3760
-484
-3392
1119
2469
-1754
-1827
1766
906
-1843
-440
1365
-179
-1127
249
576
-436
-425
65
38
165
-172
-788
250
937
-890
-1127
1277
676
-1917
-341
2056
-432
-2351
906
2141
-1678
-2108
2028
1648
-2605
-1462
2790
853
-3249
-481
3300
-294
-3572
777
3387
-1624
-3359
2143
2795
-2963
-2320
3354
1289
-3907
-444
3902
-772
-3973
1628
3439
-2700
-3008
3295
2103
-4114
-1395
4469
225
-4894
640
4665
-1734
-4510
2376
3859
-3224
-3438
3579
2653
-4073
-2206
4063
1456
-4212
-1099
3919
495
-3920
-259
3572
-274
-3529
434
3185
-927
-3209
1197
2880
-1875
-2779
2228
2214
-2864
-1769
3065
768
-3371
7
3090
-1020
-2914
1541
2233
-2200
-1735
2323
862
-2547
-377
2240
-255
-2169
360
1841
-687
-1960
742
1802
-1210
-1958
1416
1805
-2046
-1963
2523
1618
-3447
-1270
4019
251
-4705
699
4724
-2097
-4636
3142
3781
-4321
-2875
4870
1385
-5347
-103
5059
-1447
-4653
2421
3568
-3311
-2648
3476
1451
-3719
-644
3495
-480
-3395
1227
2725
-2082
-2211
2368
1292
-2781
-618
2704
-399
-2748
1005
2282
-1796
-1976
2129
1230
-2583
-767
2463
59
-2450
198
2026
-623
-1959
604
1671
-858
-1754
802
1523
-1080
-1596
1038
1342
-1316
-1355
1293
931
-1574
-708
1425
159
-1434
-20
1022
-330
-906
293
491
-503
-417
299
68
-340
-108
74
-93
-218
-40
142
-203
-366
185
180
-479
-248
430
-9
-663
-43
515
-248
-570
217
217
-432
-145
242
-241
-292
265
6
-523
-43
388
-224
-529
197
388
-565
-588
715
425
-1197
-492
1330
137
-1741
94
1754
-857
-1866
1399
1405
-2143
-1091
2366
382
-2692
60
2519
-822
-2508
1222
2074
-1847
-1842
2017
1210
-2334
-843
2162
169
-2135
111
1685
-586
-1490
636
951
-859
-735
597
335
-530
-439
132
384
-48
-737
-329
892
270
-1426
-312
1653
-160
-2156
504
2241
-1302
-2421
1831
2024
-2587
-1696
2867
901
-3268
-347
3200
-530
-3296
1076
2922
-1870
-2683
2266
1973
-2868
-1417
3008
452
-3250
201
2981
-1092
-2813
1593
2108
-2288
-1501
2509
464
-2810
310
2528
-1360
-2281
2009
1490
-2769
-803
2907
-294
-2962
984
2418
-1706
-2080
1848
1468
-2146
-1205
2099
628
-2326
-337
2162
-213
-2220
348
1978
-736
-2075
882
1829
-1415
-1777
1637
1329
-2100
-1142
2190
610
-2513
-308
2473
-387
-2702
907
2550
-1860
-2501
2559
1862
-3467
-1230
3847
50
-4188
993
3811
-2362
-3310
3243
2159
-4030
-1108
4026
-275
-3857
1214
3006
-2159
-2210
2419
1054
-2619
-319
2276
-549
-2074
972
1428
-1524
-994
1518
319
-1555
-165
1228
-68
-1351
-59
1334
-183
-1644
218
1588
-608
-1740
704
1545
-1085
-1647
1219
1401
-1766
-1266
2053
594
-2540
-59
2566
-848
-2695
1452
2326
-2280
-2066
2702
1311
-3246
-670
3222
-318
-3194
895
2645
-1571
-2280
1727
1593
-1957
-1256
1724
737
-1699
-638
1365
376
-1405
-491
1292
267
-1587
-211
1598
-247
-1834
470
1653
-1001
-1620
1204
1191
-1658
-1005
1754
483
-2009
-245
1788
-245
-1766
403
1454
-857
-1435
1001
1072
-1358
-965
1351
527
-1601
-372
1533
-57
-1750
178
1675
-640
-1844
876
1622
-1413
-1592
1626
1216
-2122
-1069
2315
502
-2704
-65
2611
-759
-2624
1295
2210
-2061
-1914
2408
1137
-2826
-547
2713
-290
-2724
758
2321
-1432
-2092
1698
1507
-2107
-1202
2158
602
-2468
-269
2439
-349
-2611
674
2390
-1321
-2311
1718
1763
-2385
-1319
2666
449
-3051
190
2915
-1082
-2793
1576
2118
-2160
-1576
2201
767
-2257
-557
2007
886
-3430
-1843
8086
-131
-16503
8373
24399
-24720
-27030
45944
20701
-67727
-5106
83787
-17709
-90101
43270
84910
-67300
-70414
86691
49550
-100468
-24840
107936
-1902
-108742
28303
103161
-51977
-92111
71433
77209
-86580
-59351
97335
40027
-103523
-20528
105566
1209
-103677
17763
97595
-35380
-87534
49973
74228
-61071
-58630
68076
41637
-70816
-25354
69363
10707
-65131
1666
58556
-12074
-50822
19885
42186
-25843
-33275
29363
23872
-30632
-15300
29156
8072
-26199
-3107
21991
23
-17781
678
13836
176
-11345
-2494
10179
4895
-10807
-7082
12248
8038
-14352
-8318
16147
7652
-18010
-6711
19365
5060
-20726
-3277
21574
895
-22416
1598
22693
-4845
-22778
8428
21877
-12748
-20189
16855
17088
-20818
-13214
23860
8329
-26366
-3237
27709
-2314
-28317
7608
27662
-12974
-26276
17556
23860
-21604
-21219
24567
18062
-27011
-15115
28546
12064
-29885
-9447
30750
6550
-31736
-3699
32380
252
-33185
3481
33374
-8123
-32958
13006
31022
-18227
-27853
22641
23024
-26042
-17499
27487
11500
-27499
-6198
25861
1558
-23452
1662
20212
-3936
-17113
4916
14025
-5389
-11715
5208
9708
-5174
-8385
4936
7061
-5050
-6084
4968
4833
-5146
-3737
5018
2229
-5064
-799
4663
-1000
-4130
2453
2847
-3877
-1371
4663
-693
-5230
2729
4890
-5081
-3974
6919
1995
-8389
278
8737
-2954
-8462
5163
7201
-7160
-5664
8286
3560
-8998
-1633
8827
-374
-8416
1784
7429
-3055
-6512
3709
5238
-4265
-4234
4243
3159
-4269
-2592
3982
2002
-4010
-1852
4011
1492
-4613
-1161
5223
168
-6157
1053
6707
-3014
-7141
5146
6722
-7752
-5810
10036
3902
-12223
-1571
13563
-1557
-14342
4777
13884
-8287
-12610
11174
10168
-13536
-7410
14660
4210
-15004
-1413
14201
-1153
-13089
2841
11528
-4188
-10290
4863
9039
-5598
-8318
6153
7502
-7196
-6845
8274
5561
-9763
-3913
10879
1327
-11726
1500
11509
-4711
-10602
7426
8595
-9826
-6201
11220
3153
-11951
-155
11371
-2960
-9957
5302
7411
-7016
-4560
7372
1311
-6798
1407
4973
-3715
-2721
4870
-88
-5190
2550
4165
-4686
-2549
5654
301
-5834
1625
4859
-3415
-3450
4383
1447
-4976
373
4739
-2287
-4279
3703
3238
-5049
-2234
5794
904
-6431
190
6531
-1521
-6631
2628
6201
-3973
-5647
4961
4515
-5977
-3410
6488
1947
-6898
-726
6721
-622
-6574
1558
6128
-2600
-5896
3288
5343
-4083
-4963
4477
4349
-4976
-4051
5170
3577
-5604
-3350
5803
2870
-6287
-2557
6606
1784
-7149
-960
7298
-408
-7423
1854
6907
-3796
-6035
5430
4270
-6784
-2289
7117
-39
-6943
1912
5979
-3621
-4879
4588
3283
-5210
-1839
4961
298
-4374
653
3131
-1389
-1896
1370
379
-1071
790
13
-1882
1276
2168
-3087
-1939
4614
709
-5956
853
6368
-2931
-6224
4732
5142
-6473
-3797
7522
1909
-8275
-139
8254
-1827
-7995
3446
7004
-5087
-5697
6071
3684
-6654
-1720
6303
-404
-5503
1995
3829
-3314
-1880
3679
-572
-3406
2708
2022
-4635
-210
5627
-2198
-6085
4474
5539
-6921
-4502
8899
2621
-10772
-521
12037
-2169
-13137
4925
13488
-8140
-13354
11165
12084
-14182
-10222
16522
7527
-18590
-4582
19761
977
-20201
2572
19273
-6142
-17582
8982
14948
-11422
-12071
12889
8662
-13750
-5348
13476
1857
-12494
1019
10425
-3399
-7991
4597
5063
-5014
-2469
4250
92
-2977
1379
1011
-2326
918
2202
-2932
-1497
4160
79
-4932
1171
5040
-2674
-5189
4225
4821
-6469
-4003
8794
1770
-11080
1660
12016
-6416
-11319
11186
8295
-15504
-3645
18212
-2598
-19199
9294
17560
-16012
-13615
21289
7341
-24717
-127
25372
-7325
-23773
13555
20099
-18571
-15502
21904
9900
-23896
-4090
23864
-1730
-22329
6425
19235
-10063
-15462
11938
11105
-12457
-7295
11482
4027
-9904
-1961
7693
695
-5775
-500
4066
488
-3024
-733
1956
577
-1026
-501
-433
412
1880
-1198
-3362
2551
3972
-4725
-3814
6807
2288
-8648
-30
9298
-2942
-8996
5705
7277
-8297
-4719
9853
1204
-10525
2378
9741
-6011
-8028
8795
5226
-10864
-2180
11658
-1228
-11658
4318
10441
-7286
-8520
9349
5644
-10635
-2659
10531
-383
-9573
2618
7630
-4280
-5576
4886
3372
-5001
-1721
4381
263
-3698
578
2692
-1309
-1923
1566
979
-1876
-250
1782
-736
-1635
1450
970
-2234
-338
2638
-604
-3173
1446
3366
-2692
-3509
3840
3035
-5200
-2330
6190
943
-7095
613
7287
-2620
-7075
4439
5989
-6308
-4543
7596
2406
-8580
-138
8671
-2519
-8259
4871
7007
-7144
-5486
8736
3371
-9950
-1253
10293
-1121
-10254
3175
9400
-5145
-8204
6334
6483
-7080
-5054
7119
3704
-7122
-2885
6813
2062
-6687
-1586
6347
968
-6261
-585
6015
-126
-5925
800
5331
-1720
-4579
2215
3357
-2548
-2325
2263
1241
-1904
-634
1201
110
-760
-142
350
243
-581
-620
1036
554
-1976
-321
2766
-573
-3661
1679
4011
-3272
-4088
4666
3413
-6037
-2458
6689
1010
-6928
150
6445
-1175
-5984
1608
5360
-2048
-5092
2289
4694
-2903
-4480
3486
3890
-4394
-3220
5048
1953
-5672
-513
5631
-1421
-5144
3152
3667
-4709
-1729
5327
-779
-5337
3132
4374
-5562
-2851
7377
403
-8654
2278
8747
-5252
-8076
7786
6336
-10006
-4187
11275
1512
-11934
987
11581
-3500
-10742
5404
9213
-7058
-7639
8082
5733
-8954
-3981
9339
1888
-9677
267
9382
-2922
-8647
5444
6943
-7938
-4690
9616
1592
-10577
1641
10231
-5016
-9052
7717
6785
-9836
-4115
10734
1023
-10880
1687
10084
-4231
-8991
6149
7278
-7833
-5411
8798
3078
-9421
-842
9282
-1622
-8771
3788
7409
-5896
-5590
7288
3015
-8147
-353
7901
-2453
-6967
4636
5100
-6364
-2984
7099
524
-7245
1584
6503
-3579
-5456
4959
3842
-6070
-2209
6439
291
-6468
1368
5784
-3059
-4881
4253
3451
-5260
-2010
5585
220
-5563
1354
4781
-2881
-3804
3731
2495
-4311
-1435
4345
232
-4354
760
3946
-1948
-3533
2861
2700
-3839
-1860
4432
602
-5000
676
5046
-2334
-4852
3777
3988
-5195
-2935
6031
1390
-6630
139
6532
-1917
-6133
3357
5082
-4724
-3912
5540
2324
-6145
-819
6069
-898
-5691
2241
4654
-3400
-3552
3846
2260
-4069
-1384
3850
544
-3705
-123
3310
-325
-3187
525
2968
-1036
-2949
1458
2594
-2099
-2272
2468
1580
-2899
-938
2870
56
-2705
481
2045
-928
-1454
842
717
-705
-378
229
130
45
-392
-366
673
220
-1189
13
1348
-638
-1413
1067
1003
-1547
-663
1642
94
-1770
261
1539
-767
-1386
998
954
-1336
-653
1340
101
-1360
231
1036
-691
-875
931
467
-1363
-92
1447
-657
-1392
1233
747
-1829
-12
1902
-1035
-1765
1789
1029
-2453
-214
2518
-877
-2378
1669
1733
-2465
-1063
2835
20
-3132
950
2901
-2123
-2510
2938
1587
-3628
-613
3697
-637
-3493
1503
2717
-2172
-1939
2178
972
-1981
-380
1321
-105
-757
52
49
100
293
-620
-621
1009
557
-1556
-538
1788
244
-2062
-169
2087
-44
-2400
117
2614
-532
-2976
872
3034
-1481
-3209
2023
3056
-2884
-2837
3555
2085
-4232
-1224
4383
-5
-4347
1036
3782
-2097
-3169
2730
2187
-3302
-1263
3385
98
-3352
779
2872
-1676
-2404
2176
1607
-2634
-930
2639
95
-2618
437
2254
-1046
-1960
1343
1379
-1676
-993
1663
507
-1736
-282
1537
-98
-1437
214
1083
-380
-956
215
775
-160
-983
-75
1184
-11
-1665
131
1873
-636
-2041
996
1788
-1449
-1629
1595
1262
-1815
-1075
1687
707
-1602
-628
1292
527
-1274
-781
1245
908
-1599
-1111
1877
903
-2339
-691
2544
167
-2828
239
2735
-830
-2626
1159
2183
-1593
-1829
1708
1231
-1795
-873
1517
470
-1422
-361
1220
64
-1206
47
914
-259
-764
146
488
-123
-514
-111
424
114
-541
-251
465
190
-612
-339
660
272
-957
-314
1056
79
-1278
49
1220
-407
-1249
567
1007
-861
-881
905
501
-1071
-226
963
-272
-916
552
552
-909
-260
914
-267
-921
594
574
-1022
-255
1122
-389
-1190
926
829
-1595
-418
1879
-357
-2055
1043
1732
-1894
-1283
2377
400
-2691
373
2451
-1197
-2175
1637
1639
-2106
-1249
2260
630
-2419
-208
2220
-316
-2099
555
1752
-882
-1579
954
1209
-1185
-988
1234
508
-1433
-123
1365
-508
-1369
1004
1047
-1694
-706
2102
10
-2484
533
2465
-1210
-2424
1676
1978
-2298
-1502
2653
706
-3016
-3
2923
-940
-2639
1669
1789
-2421
-778
2690
-668
-2706
1997
2076
-3354
-1220
4247
-179
-4921
1677
4879
-3426
-4424
4812
3280
-6030
-1966
6648
293
-6990
1220
6708
-2799
-6203
3951
5198
-4903
-4186
5271
2947
-5502
-1902
5308
757
-5067
62
4448
-842
-3857
1189
3055
-1492
-2530
1489
1997
-1620
-1822
1581
1628
-1805
-1661
1990
1437
-2437
-1273
2718
844
-3161
-492
3377
-172
-3645
764
3544
-1550
-3439
2124
2984
-2797
-2545
3169
1779
-3603
-959
3730
-356
-3755
1782
3093
-3470
-1949
4791
-31
-5841
2371
6014
-5149
-5452
7581
3830
-9578
-1747
10465
-686
-10543
2660
9661
-4203
-8529
4906
7105
-5219
-5901
4948
4547
-4473
-3414
3460
2208
-2253
-1355
535
554
1361
-344
-3694
623
5925
-1953
-8045
3992
9243
-6818
-9419
9578
8092
-12089
-5806
13583
2621
-14178
746
13458
-4288
-11815
7272
9053
-9647
-5785
10822
2042
-11191
1508
10536
-4930
-9277
7596
7226
-9678
-5066
10917
2752
-11863
-751
12293
-1297
-12564
3077
12326
-4957
-11916
6549
11018
-8144
-9978
9326
8452
-10353
-6825
10797
4883
-10981
-3120
10605
1315
-10087
113
9167
-1480
-8237
2483
6904
-3461
-5493
4067
3691
-4649
-1877
4788
-240
-4648
2163
3778
-4045
-2561
5376
794
-6366
982
6579
-2849
-6373
4258
5508
-5416
-4472
5896
3107
-5994
-1975
5397
934
-4550
-516
3363
453
-2447
-1022
1671
1721
-1483
-2673
1581
3304
-2226
-3817
2955
3827
-4029
-3573
4947
2626
-5729
-1446
5826
-48
-5589
1343
4751
-2662
-3654
3503
1963
-3964
-141
3507
-1847
-2443
3301
678
-4353
1172
4630
-3307
-4394
5263
3238
-7117
-1574
8269
-713
-8875
3027
8541
-5438
-7622
7382
5902
-9009
-3936
9863
1674
-10227
283
9848
-2116
-9199
3401
8151
-4427
-7230
4884
6259
-5218
-5639
5273
5052
-5541
-4803
5817
4472
-6483
-4228
7181
3572
-8170
-2702
8987
1214
-9767
587
9952
-2988
-9611
5492
8181
-8046
-5942
9854
2751
-10883
732
10581
-4394
-9184
7392
6503
-9579
-3261
10376
-359
-10124
3586
8679
-6427
-6611
8325
3877
-9454
-1134
9479
-1593
-8897
3746
7641
-5584
-6217
6763
4407
-7541
-2669
7551
858
-7185
564
6283
-1889
-5269
2784
3834
-3470
-2353
3494
669
-3158
667
2265
-1778
-1338
2217
297
-2327
339
1977
-837
-1712
954
1333
-1119
-1159
1077
814
-1142
-599
977
216
-882
-46
538
-190
-275
182
-202
-236
514
-3
-854
207
807
-563
-754
641
527
-771
-496
690
313
-723
-336
578
353
-694
-652
891
722
-1465
-691
1939
205
-2430
311
2483
-998
-2393
1378
1943
-1654
-1621
1528
1291
-1463
-1321
1325
1298
-1465
-1436
1517
1368
-1800
-1310
1996
824
-2262
-268
2110
-473
-1822
939
1169
-1407
-519
1511
-363
-1522
1049
1127
-1767
-654
2112
-177
-2287
949
1913
-1791
-1320
2212
303
-2448
670
2190
-1767
-1762
2551
850
-3197
186
3246
-1470
-2939
2456
2021
-3262
-965
3458
-315
-3326
1303
2616
-2155
-1767
2485
647
-2618
309
2332
-1356
-1975
2126
1237
-2817
-511
3111
-415
-3397
1229
3375
-2235
-3242
3008
2647
-3708
-2001
3998
1132
-4249
-430
4200
-371
-4168
921
3833
-1451
-3549
1635
3073
-1809
-2768
1710
2397
-1705
-2331
1563
2261
-1632
-2456
1619
2553
-1852
-2778
2093
2702
-2656
-2539
3159
1976
-3765
-1362
4018
461
-4112
306
3747
-1150
-3319
1733
2609
-2330
-1973
2573
1187
-2732
-614
2563
-64
-2415
549
1972
-1059
-1570
1209
1008
-1343
-648
1273
173
-1318
104
1116
-389
-965
302
695
-197
-750
-74
868
100
-1284
-138
1590
-91
-1984
240
2122
-583
-2303
812
2264
-1195
-2320
1358
2224
-1581
-2304
1641
2246
-1914
-2332
2134
2266
-2611
-2299
3030
2021
-3580
-1642
3830
913
-4009
-314
3874
-299
-3827
629
3625
-1077
-3546
1419
3293
-1978
-3147
2457
2743
-3111
-2289
3550
1494
-3996
-687
4081
-374
-4012
1306
3434
-2238
-2721
2747
1761
-3106
-992
3069
199
-3001
304
2723
-873
-2579
1292
2208
-1852
-1796
2131
1076
-2308
-500
2097
-80
-1868
329
1389
-545
-1016
428
592
-302
-540
-2
574
64
-864
-144
1022
-34
-1302
165
1385
-498
-1556
706
1574
-1123
-1727
1550
1625
-2279
-1444
2908
850
-3565
-173
3849
-825
-3991
1816
3626
-3007
-2968
3925
1765
-4654
-490
4773
-928
-4574
2056
3824
-3079
-2940
3636
1794
-3983
-818
3883
-220
-3710
1043
3201
-1918
-2634
2485
1759
-2972
-934
3063
-30
-3053
767
2717
-1510
-2397
1952
1842
-2365
-1365
2449
752
-2508
-367
2301
-29
-2180
200
1917
-517
-1767
707
1382
-964
-1056
945
593
-958
-342
753
48
-621
-7
303
-76
-143
-51
-88
100
65
-341
-64
457
-188
-649
375
538
-694
-389
765
7
-810
212
536
-465
-285
456
-145
-473
424
236
-784
-19
875
-431
-934
774
669
-1250
-383
1529
-155
-1826
626
1817
-1296
-1728
1854
1233
-2459
-659
2716
-165
-2897
895
2723
-1743
-2420
2293
1765
-2750
-1193
2922
510
-3161
26
3165
-729
-3163
1348
2875
-2181
-2562
2918
1929
-3770
-1251
4418
242
-5072
846
5367
-2237
-5532
3607
5244
-5163
-4707
6514
3605
-7735
-2272
8388
570
-8664
1101
8274
-2881
-7521
4330
6217
-5536
-4768
6114
3089
-6368
-1587
6104
78
-5656
1091
4830
-2135
-4006
2772
3011
-3286
-2186
3394
1354
-3410
-844
3172
349
-3014
-74
2671
-242
-2436
289
2116
-350
-2050
242
1962
-335
-2035
389
1931
-620
-1927
711
1764
-903
-1697
907
1478
-1021
-1406
1042
1200
-1255
-1099
1345
816
-1559
-623
1627
230
-1767
76
1639
-494
-1502
695
1137
-909
-885
831
533
-698
-420
273
367
40
-676
-349
1011
306
-1547
-157
1888
-316
-2170
727
2098
-1225
-1995
1498
1649
-1784
-1342
1783
838
-1772
-457
1542
-14
-1365
247
969
-470
-648
450
168
-456
148
199
-472
36
511
-467
-548
799
313
-1250
-39
1451
-494
-1608
931
1439
-1414
-1238
1593
837
-1744
-614
1681
352
-1674
-331
1455
295
-1356
-457
1213
470
-1318
-562
1405
466
-1702
-419
1891
162
-2200
67
2330
-543
-2490
978
2396
-1595
-2281
2110
1821
-2704
-1235
3020
332
-3276
528
3190
-1525
-2937
2286
2266
-2970
-1587
3340
740
-3656
-13
3610
-788
-3478
1333
3097
-1868
-2789
2174
2303
-2560
-1878
2801
1233
-3114
-636
3168
-89
-3209
642
2995
-1289
-2765
1743
2321
-2251
-2030
2624
1640
-3156
-1296
3543
665
-3988
38
4192
-1054
-4321
2036
4046
-3105
-3635
3944
2855
-4796
-1922
5330
604
-5679
728
5521
-2181
-5069
3350
4096
-4341
-2984
4796
1667
-4972
-524
4659
-644
-4131
1525
3169
-2270
-2129
2570
878
-2661
242
2274
-1385
-1653
2128
655
-2615
301
2609
-1309
-2460
2055
2005
-2770
-1558
3202
905
-3579
-354
3641
-288
-3670
740
3490
-1265
-3371
1627
3059
-2084
-2820
2417
2436
-2924
-2133
3350
1601
-3855
-1060
4122
261
-4371
552
4306
-1569
-4090
2405
3442
-3164
-2644
3505
1539
-3590
-543
3154
-379
-2530
839
1660
-1062
-953
880
273
-616
71
123
-310
244
225
-638
-88
725
-284
-673
521
289
-749
53
667
-479
-521
688
102
-886
254
833
-691
-783
913
498
-1117
-289
1059
29
-1058
32
928
-189
-905
197
765
-261
-804
175
747
-244
-718
181
432
-107
-256
-270
124
612
-334
-1051
612
1290
-1171
-1513
1741
1382
-2454
-1100
2931
478
-3330
163
3367
-953
-3282
1545
2897
-2141
-2534
2543
1969
-3004
-1425
3227
659
-3365
63
3110
-891
-2698
1431
2004
-1851
-1386
1942
632
-1962
4
1624
-654
-1169
940
483
-1072
55
871
-592
-651
884
197
-1148
204
1108
-717
-994
1039
622
-1397
-256
1530
-332
-1557
822
1165
-1301
-670
1478
-33
-1629
624
1534
-1314
-1382
1846
881
-2386
-273
2618
-581
-2739
1333
2550
-2168
-2297
2815
1733
-3439
-1135
3791
307
-4109
520
4118
-1528
-4022
2382
3589
-3208
-3075
3732
2295
-4193
-1532
4391
572
-4540
330
4337
-1302
-3985
2004
3306
-2639
-2563
2940
1596
-3061
-783
2762
11
-2355
463
1682
-835
-1076
809
460
-647
-152
263
-122
-22
206
-246
-361
321
367
-483
-448
528
367
-675
-349
691
151
-797
-9
747
-256
-750
392
565
-631
-412
751
50
-941
285
904
-767
-847
1105
585
-1493
-396
1708
52
-1986
251
2070
-743
-2152
1165
1977
-1702
-1754
2062
1299
-2441
-898
2608
352
-2764
100
2629
-636
-2407
945
1907
-1174
-1415
1068
816
-925
-448
635
130
-451
-68
107
16
141
-153
-429
216
468
-412
-504
511
345
-703
-238
725
-31
-764
210
577
-462
-410
506
100
-574
90
452
-360
-360
452
90
-559
90
459
-348
-402
430
203
-557
-91
514
-160
-507
305
305
-507
-145
504
-152
-526
357
371
-701
-251
950
-83
-1257
440
1299
-999
-1214
1449
781
-1916
-289
2116
-421
-2207
1043
1934
-1685
-1546
2035
928
-2283
-422
2229
-72
-2146
288
1885
-466
-1734
464
1523
-555
-1494
552
1416
-697
-1477
795
1439
-1066
-1482
1250
1355
-1469
-1296
1488
1103
-1567
-965
1512
695
-1558
-574
1540
387
-1687
-307
1762
94
-1975
80
2076
-485
-2166
856
1960
-1282
-1719
1485
1301
-1665
-942
1579
492
-1449
-275
1148
145
-1016
-260
905
313
-1055
-432
1258
309
-1675
-48
1957
-597
-2174
1318
2069
-2210
-1867
2981
1325
-3754
-637
4199
-334
-4459
1247
4306
-2234
-3950
3016
3216
-3711
-2440
4045
1540
-4226
-771
4074
-107
-3821
867
3248
-1604
-2603
1976
1770
-2158
-1091
2015
436
-1830
-39
1413
-275
-1006
250
484
-62
-214
-469
146
975
-527
-1480
1048
1689
-1805
-1766
2492
1463
-3201
-1024
3617
319
-3937
392
3929
-1280
-3762
2057
3234
-2826
-2607
3294
1730
-3614
-872
3577
-130
-3397
1001
2873
-1843
-2233
2348
1350
-2726
-482
2801
-525
-2732
1380
2287
-2197
-1713
2732
868
-3125
-52
3105
-832
-2876
1491
2326
-2080
-1757
2357
1037
-2497
-445
2319
-171
-2069
554
1590
-866
-1158
905
645
-896
-325
665
46
-499
1
299
-114
-323
170
335
-403
-451
586
378
-870
-299
1024
46
-1278
176
1405
-579
-1511
901
1326
-1268
-1073
1427
608
-1535
-215
1370
-213
-1203
435
926
-678
-770
777
491
-936
-255
919
-127
-887
398
661
-741
-478
960
126
-1220
244
1250
-839
-1206
1390
887
-1985
-526
2340
-51
-2605
615
2561
-1305
-2409
1827
1994
-2299
-1590
2492
1060
-2640
-651
2609
177
-2654
177
2602
-663
-2583
1065
2328
-1510
-2026
1739
1514
-1948
-1026
1959
402
-1980
144
1774
-781
-1467
1201
872
-1481
-322
1408
-232
-1282
563
980
-879
-693
986
221
-1030
148
783
-451
-504
395
156
-268
-50
51
-8
-30
-136
6
239
-137
-428
169
444
-250
-482
189
350
-211
-258
114
67
-69
-40
-106
3
190
-148
-326
250
289
-482
-266
634
44
-810
150
719
-400
-561
431
272
-476
-115
412
-127
-419
284
279
-522
-198
624
-8
-750
130
727
-341
-755
421
656
-538
-634
504
524
-526
-553
416
567
-402
-727
321
806
-376
-987
396
1073
-572
-1221
696
1225
-928
-1292
1086
1230
-1374
-1179
1568
908
-1802
-647
1845
277
-1863
-43
1686
-252
-1549
443
1304
-710
-1160
831
897
-974
-659
907
298
-818
-117
597
-44
-500
54
340
-124
-320
49
293
-43
-434
-17
471
-79
-542
152
445
-362
-355
450
83
-505
129
302
-379
-61
397
-286
-345
442
88
-566
137
479
-460
-379
626
105
-750
105
626
-379
-467
467
194
-554
-64
488
-138
-457
257
237
-390
-57
261
-172
-81
211
-208
-274
319
209
-402
-224
288
159
-212
-227
31
268
13
-444
-46
495
-93
-562
132
483
-184
-506
83
459
-57
-513
-84
533
169
-787
-279
1064
105
-1361
136
1365
-487
-1300
716
1045
-990
-787
1029
413
-968
-213
726
-3
-567
114
287
-281
-49
270
-274
-247
420
53
-542
102
464
-343
-382
425
154
-509
-3
424
-174
-395
140
302
-99
-339
-32
304
17
-352
-19
306
-121
-334
203
212
-353
-103
346
-140
-360
278
254
-458
-211
495
34
-564
110
464
-343
-397
435
208
-552
-101
529
-86
-562
154
485
-280
-478
290
358
-353
-323
324
207
-390
-157
304
11
-167
-30
-136
74
286
-248
-395
301
360
-430
-385
507
268
-710
-152
833
-100
-1037
275
1118
-558
-1201
801
1065
-1164
-911
1449
596
-1770
-299
1874
-164
-1892
591
1677
-1071
-1480
1342
1164
-1557
-878
1565
429
-1563
-21
1374
-458
-1166
766
808
-1028
-568
1086
306
-1190
-107
1177
-262
-1166
563
978
-876
-819
986
528
-1048
-309
901
65
-768
-26
551
-2
-463
-111
328
169
-290
-360
187
485
-212
-621
158
574
-167
-612
131
597
-282
-644
391
547
-557
-493
612
311
-742
-145
720
-150
-678
322
464
-475
-347
443
211
-460
-211
424
109
-495
-84
482
-3
-580
12
610
-180
-688
313
602
-525
-525
624
308
-796
-110
847
-216
-890
416
762
-618
-677
668
490
-755
-356
712
103
-675
35
502
-167
-413
139
249
-149
-168
34
30
49
-48
-230
49
286
-150
-376
186
345
-364
-363
528
228
-752
-97
743
-131
-667
228
437
-356
-297
377
75
-457
63
404
-250
-410
306
306
-410
-265
421
136
-537
-91
585
-55
-733
174
803
-473
-948
788
931
-1236
-830
1545
487
-1812
-152
1860
-263
-1858
521
1665
-760
-1491
827
1221
-909
-1068
870
915
-913
-957
950
965
-1205
-965
1443
727
-1681
-474
1664
168
-1574
-46
1334
-56
-1193
14
1040
-32
-1038
-20
991
-20
-1031
-20
991
-20
-1038
-32
1040
14
-1193
-49
1346
-103
-1586
320
1633
-698
-1598
972
1363
-1288
-1122
1490
678
-1672
-186
1566
-396
-1325
767
887
-1026
-518
1048
88
-1066
239
987
-658
-958
1028
732
-1450
-426
1659
-22
-1792
343
1760
-692
-1777
978
1681
-1386
-1602
1748
1304
-2156
-917
2381
363
-2547
126
2469
-666
-2278
1051
1871
-1404
-1520
1585
1099
-1757
-736
1717
315
-1608
-73
1348
-167
-1174
320
943
-560
-797
671
576
-775
-447
735
245
-742
-108
608
-72
-488
84
283
-96
-206
19
85
-42
-62
-8
-13
-20
-20
-20
-13
-8
-69
-54
142
31
-373
-63
576
-27
-834
84
941
-270
-1039
449
971
-779
-884
1052
627
-1326
-373
1382
-8
-1367
326
1150
-646
-964
751
724
-810
-572
705
331
-612
-181
396
18
-265
-6
100
-35
-50
-50
-28
105
-60
-223
155
182
-348
-105
395
-122
-414
289
269
-515
-117
598
-158
-647
325
549
-491
-486
507
318
-559
-207
487
37
-424
1
233
-53
-126
-3
2
-5
-30
-74
23
85
-113
-157
113
128
-167
-167
150
115
-253
-92
288
-58
-338
122
253
-231
-231
253
122
-338
-51
300
-134
-275
235
149
-380
-73
405
-110
-444
225
360
-400
-303
460
142
-537
-67
510
-67
-537
142
467
-291
-457
348
399
-480
-450
587
418
-808
-427
978
314
-1214
-188
1315
-94
-1407
357
1363
-742
-1327
1098
1097
-1502
-806
1735
340
-1911
123
1854
-713
-1664
1218
1213
-1717
-703
2009
3
-2157
702
1904
-1412
-1414
1804
704
-1979
-72
1861
-586
-1677
1114
1317
-1629
-933
1930
407
-2134
88
2082
-635
-1916
1012
1532
-1321
-1170
1477
709
-1649
-290
1625
-200
-1488
545
1161
-870
-897
1053
608
-1263
-386
1337
39
-1403
283
1314
-692
-1200
1017
895
-1361
-578
1546
191
-1739
118
1808
-560
-1842
990
1663
-1478
-1436
1803
1038
-2060
-648
2095
173
-2094
219
1947
-672
-1774
1000
1434
-1292
-1116
1423
680
-1551
-278
1498
-166
-1373
395
1069
-514
-811
455
537
-468
-404
450
262
-513
-243
488
193
-523
-228
488
193
-523
-221
500
144
-557
-81
534
-81
-557
144
500
-221
-523
186
476
-179
-482
65
412
-18
-413
-62
373
22
-447
-5
470
-111
-523
156
421
-230
-292
186
39
-173
159
68
-383
-2
453
-165
-495
256
407
-373
-373
407
249
-514
-120
514
-135
-497
315
315
-497
-150
524
-81
-540
225
405
-402
-282
459
71
-518
90
422
-358
-284
537
12
-667
163
600
-361
-539
538
346
-840
-97
1008
-342
-1032
727
778
-1062
-520
1181
228
-1275
-9
1279
-341
-1329
670
1279
-1020
-1260
1229
1112
-1478
-918
1678
544
-1939
-156
2053
-323
-2100
722
1953
-1157
-1787
1502
1482
-1873
-1162
2102
712
-2316
-282
2386
-248
-2401
712
2193
-1184
-1900
1484
1440
-1734
-1013
1835
512
-1929
-63
1833
-431
-1627
732
1259
-934
-981
998
653
-1087
-372
1003
70
-881
68
664
-211
-544
280
372
-373
-258
298
106
-183
-86
-31
64
142
-133
-280
150
323
-273
-373
372
295
-547
-253
665
136
-851
-11
905
-294
-867
574
614
-823
-391
880
164
-947
-9
927
-294
-867
574
599
-813
-337
830
62
-815
101
670
-319
-512
436
238
-532
-35
465
-184
-397
280
238
-383
-162
387
33
-435
33
402
-157
-447
234
425
-432
-387
587
191
-772
8
820
-322
-813
599
567
-894
-220
1005
-246
-1028
562
880
-796
-754
893
533
-1049
-333
1104
76
-1116
54
985
-186
-897
212
780
-246
-789
175
794
-173
-864
132
848
-163
-879
132
848
-155
-916
152
969
-317
-1070
521
1031
-772
-1014
874
946
-996
-907
1061
701
-1171
-484
1161
228
-1153
-113
1060
0
-1028
44
911
-149
-847
191
741
-315
-708
364
603
-405
-602
352
613
-400
-713
444
709
-567
-706
630
561
-740
-405
739
181
-755
-72
703
-77
-701
161
619
-319
-594
434
487
-598
-380
636
165
-662
-10
585
-175
-546
264
414
-361
-312
337
140
-301
-56
152
-27
-72
-3
-8
-15
-15
-15
-15
-15
-15
-15
-15
-15
-15
-15
-15
-15
-15
-15
-15
-15
-15
-22
-27
49
9
-216
-18
364
-74
-539
123
613
-254
-715
385
688
-603
-618
713
429
-827
-306
872
151
-973
-69
976
-69
-973
144
860
-264
-805
331
701
-491
-615
590
407
-666
-254
571
113
-483
-84
335
6
-245
-1
105
-15
-55
-99
13
195
-84
-343
113
444
-230
-617
351
695
-557
-758
652
728
-734
-800
776
855
-997
-890
1257
680
-1520
-394
1563
50
-1538
196
1376
-475
-1179
615
858
-677
-609
573
343
-467
-176
261
23
-126
-13
7
-15
-15
-15
-15
0
-25
-69
28
75
-98
-98
75
28
-69
-25
22
-13
-111
6
180
-59
-277
11
289
13
-388
-21
449
-160
-502
345
404
-547
-316
632
164
-728
-65
738
-114
-750
262
651
-438
-604
532
512
-690
-458
788
304
-898
-187
917
-14
-945
207
832
-433
-705
497
549
-531
-511
497
421
-542
-329
511
152
-483
-58
370
-27
-344
35
300
-96
-309
99
233
-175
-173
227
9
-301
95
255
-219
-226
265
154
-385
-122
453
-15
-522
147
455
-352
-352
433
160
-436
-90
293
56
-177
-133
21
184
38
-299
-82
328
30
-383
-32
405
-47
-505
145
512
-348
-497
490
350
-644
-241
693
123
-786
-102
851
-16
-947
141
917
-321
-886
402
766
-507
-690
561
554
-702
-465
788
304
-883
-197
863
29
-840
114
695
-300
-557
350
380
-385
-282
317
123
-260
-28
107
-84
8
104
-197
-124
340
7
-480
120
465
-293
-449
385
365
-542
-303
653
100
-755
110
707
-346
-647
458
522
-582
-426
609
240
-637
-105
569
-52
-547
140
460
-244
-415
245
331
-310
-298
374
169
-490
-74
508
-62
-532
162
455
-352
-345
467
120
-554
36
527
-189
-520
260
433
-394
-340
462
162
-532
-62
515
-62
-532
162
455
-352
-345
467
105
-544
105
467
-345
-352
455
162
-532
-62
515
-62
-532
147
472
-286
-430
355
301
-459
-166
486
-76
-499
239
405
-380
-326
434
156
-521
12
507
-228
-477
350
357
-472
-304
525
228
-643
-176
708
-4
-767
181
711
-405
-683
579
574
-793
-445
864
217
-846
-52
694
-125
-591
230
459
-375
-382
440
267
-508
-238
478
208
-449
-276
334
334
-276
-449
208
478
-223
-518
198
493
-223
-518
213
483
-292
-465
357
357
-465
-292
483
206
-530
-174
527
51
-564
51
527
-189
-520
260
440
-367
-392
386
310
-396
-319
299
319
-218
-401
129
434
-201
-418
285
196
-354
70
249
-345
-99
458
-140
-484
308
369
-458
-292
483
213
-518
-216
512
161
-609
-88
691
-107
-769
266
703
-449
-626
571
488
-732
-378
788
209
-817
-84
757
-86
-721
188
615
-317
-554
424
405
-582
-228
626
-6
-648
132
630
-256
-713
353
767
-563
-793
745
663
-903
-519
915
355
-935
-264
925
101
-954
49
905
-233
-868
336
748
-439
-664
463
540
-512
-468
505
346
-529
-287
498
213
-518
-216
505
156
-540
-118
517
29
-528
-5
485
-67
-466
89
370
-118
-306
52
196
-2
-135
-131
82
230
-163
-342
250
348
-363
-360
400
318
-485
-324
545
273
-665
-223
727
79
-832
55
894
-252
-993
406
1002
-612
-1005
801
901
-1044
-768
1191
519
-1297
-297
1311
36
-1355
177
1330
-458
-1294
705
1140
-964
-944
1088
629
-1153
-356
1120
106
-1145
52
1100
-244
-1008
355
790
-441
-610
432
408
-451
-280
439
134
-485
-74
485
2
-516
2
485
-74
-485
134
424
-270
-390
370
273
-490
-172
522
27
-594
80
612
-280
-617
467
487
-669
-356
775
184
-900
-16
925
-274
-879
513
704
-706
-567
790
393
-899
-205
910
-77
-857
281
704
-466
-611
581
480
-706
-358
725
167
-708
-60
605
-20
-558
14
492
-67
-473
92
402
-157
-373
179
274
-259
-172
289
-13
-340
189
287
-419
-201
560
26
-647
75
613
-177
-611
263
550
-459
-478
632
325
-794
-231
851
127
-918
-46
905
-122
-887
266
809
-442
-780
571
691
-726
-581
814
364
-909
-149
900
-112
-845
281
692
-424
-589
483
468
-579
-355
624
147
-658
23
561
-174
-444
215
252
-247
-114
183
-5
-123
12
32
-22
-17
-10
-17
-22
32
12
-115
-34
166
12
-270
-24
353
-43
-445
112
421
-248
-393
361
322
-542
-257
658
78
-754
122
749
-385
-735
566
635
-716
-552
790
393
-899
-220
927
-4
-930
127
863
-273
-816
423
659
-615
-501
691
331
-721
-258
656
168
-584
-119
416
37
-262
-19
93
-12
-32
-10
-10
-10
-10
-10
-10
-10
-10
-10
-10
-10
-10
-10
-10
-10
-10
-10
-10
-10
-10
-10
-10
-10
-10
-10
-10
-10
-10
-10
-3
2
-52
-32
88
2
-137
2
88
-32
-52
2
-3
-10
-10
-10
-10
-10
-10
-10
-10
-10
-10
-10
-10
-10
-10
-10
-10
-10
-10
-10
-10
-10
-10
-10
-10
-10
-10
-10
-10
-10
-10
-10
-10
-10
-10
-10
-10
-10
-10
-10
-10
-10
-10
-10
-10
-10
-10
-10
-10
-10
-10
-10
-10
-10
-10
-10
-10
-10
-10
-10
-10
-10
-10
-10
-10
-10
-10
-10
-10
-10
-10
-10
-10
-10
-10
-10
-10
-3
2
-52
-32
88
2
-137
2
88
-32
-52
2
-3
-10
-10
-10
-10
-10
-10
-10
-10
-10
-10
-10
-10
-10
-10
-10
-10
-10
-10
-10
-10
-10
-10
-10
-10
-10
-10
-10
-10
-10
-10
-10
-10
-10
-10
-10
-10
-3
2
-52
-32
95
14
-179
-20
208
-18
-275
42
295
-145
-284
202
150
-213
-50
115
-25
-52
2
-3
-10
-10
-10
-10
-10
5
-20
-64
40
92
-135
-115
193
35
-245
35
193
-115
-135
99
52
-106
-42
103
2
-137
2
103
-42
-106
45
87
-93
-93
80
33
-64
-20
5
-10
-10
-10
-10
-10
-10
-10
-10
-10
-10
-10
-10
-10
-10
-10
-10
-10
-10
-10
-10
-10
-10
-10
-10
-10
-10
-10
-3
2
-52
-25
115
-50
-213
150
217
-294
-199
353
122
-412
-58
410
-43
-437
78
465
-162
-521
267
440
-395
-306
412
147
-427
-58
410
-58
-412
115
356
-167
-326
169
262
-209
-263
233
252
-304
-240
325
138
-361
-71
368
-1
-409
10
383
-34
-378
42
360
-144
-360
260
265
-402
-166
458
39
-495
32
453
-112
-422
130
341
-157
-272
119
153
-96
-116
60
87
-78
-103
26
76
26
-103
-78
87
45
-106
-42
103
2
-137
2
103
-42
-106
45
87
-93
-93
102
35
-160
8
205
-123
-242
212
145
-309
-14
308
-160
-273
237
145
-252
-48
177
-66
-150
136
114
-208
-123
156
109
-94
-135
24
88
-32
-45
21
-33
-67
78
58
-147
-27
127
-71
-116
123
79
-224
-60
297
-36
-370
110
368
-197
-390
253
343
-348
-271
357
150
-346
-119
320
105
-390
-109
446
32
-495
39
465
-154
-444
235
387
-324
-378
358
333
-432
-281
477
152
-527
-57
513
-69
-485
189
362
-359
-220
448
54
-495
39
458
-166
-402
257
282
-348
-209
361
110
-370
-14
292
-168
-168
285
-11
-338
71
301
-77
-324
60
330
-144
-337
230
253
-336
-161
365
18
-370
51
325
-112
-346
150
349
-249
-336
293
236
-339
-144
344
19
-390
36
408
-112
-431
184
357
-305
-263
351
125
-363
-17
260
-136
-106
211
-90
-243
181
196
-253
-166
259
107
-292
-102
317
48
-402
43
408
-182
-368
196
254
-160
-168
57
51
19
-16
-95
1
100
-51
-136
115
128
-246
-108
289
46
-303
-16
238
-69
-135
97
-43
-85
144
30
-232
-4
251
-83
-252
153
196
-237
-193
307
136
-408
-46
425
-86
-432
160
412
-254
-420
279
379
-285
-352
227
275
-191
-229
145
152
-145
-78
49
-21
100
14
-279
24
359
-88
-427
106
455
-179
-493
257
445
-377
-370
457
223
-537
-71
534
-125
-504
259
417
-363
-370
405
308
-470
-265
500
154
-537
-17
501
-176
-454
306
367
-413
-323
455
257
-503
-233
498
196
-525
-169
532
56
-559
71
522
-238
-472
355
362
-460
-280
500
169
-547
-56
534
-140
-494
313
374
-453
-280
500
176
-535
-113
522
27
-535
42
512
-175
-470
278
352
-340
-263
294
187
-228
-169
128
150
-102
-128
92
10
-62
71
-51
-73
84
31
-68
-100
82
161
-215
-160
328
73
-418
-29
436
-15
-451
41
417
-123
-399
201
331
-273
-280
273
226
-297
-217
321
172
-368
-125
355
21
-312
45
216
-75
-168
22
127
32
-99
-135
60
213
-102
-282
161
292
-261
-313
363
249
-489
-110
524
-103
-485
229
353
-272
-270
236
236
-270
-272
353
236
-473
-160
512
49
-523
-15
500
-8
-511
7
490
-62
-453
87
353
-109
-300
99
292
-170
-344
255
353
-343
-365
351
351
-380
-348
417
266
-477
-177
458
92
-426
-71
365
-1
-324
87
238
-180
-207
216
196
-278
-195
311
111
-329
-15
282
-95
-257
130
248
-170
-293
236
268
-364
-199
416
97
-438
-41
429
-77
-442
224
365
-355
-275
375
182
-375
-147
343
86
-328
-28
272
-62
-230
110
174
-150
-145
132
88
-110
-48
49
-10
-25
59
-1
-150
30
183
-117
-177
185
123
-264
-90
301
11
-312
55
270
-125
-285
172
291
-270
-275
333
194
-376
-140
365
75
-370
-50
363
12
-403
29
374
-127
-263
155
89
-120
-5
37
-17
-19
-17
37
17
-103
-17
122
-17
-103
17
37
-17
-12
-5
-5
-5
-5
-5
-5
-5
-5
-5
-5
-5
-5
-5
-5
-5
-5
-5
-12
-17
37
17
-103
-17
122
-17
-103
17
37
-17
-12
-5
-5
-5
-5
-5
-5
-5
-5
-5
-5
-5
-5
-5
-5
-5
-5
-5
-5
-5
-5
-5
-5
-5
-5
-5
-5
-5
-5
-5
-5
-5
-5
-5
-5
-5
-5
-5
-5
-5
-27
-7
91
-26
-208
76
259
-157
-263
206
206
-270
-169
301
91
-340
2
336
-138
-340
225
289
-267
-248
248
194
-285
-147
313
33
-298
57
174
-97
-77
37
47
-5
-115
25
144
-115
-130
154
79
-158
-80
120
66
-109
-60
91
27
-118
-17
122
-17
-118
27
91
-67
-114
120
100
-200
-72
218
15
-216
5
164
-29
-125
27
91
-60
-102
78
78
-110
-38
103
-38
-110
78
78
-102
-60
91
27
-118
-17
122
-17
-118
27
91
-75
-92
132
35
-200
45
186
-128
-168
142
142
-160
-165
184
164
-273
-152
355
55
-418
43
397
-152
-373
248
290
-372
-184
406
50
-376
19
282
-77
-215
100
120
-107
-55
49
5
-20
-5
-5
-5
-5
-5
-5
-5
-5
-5
-5
-5
-5
-5
-5
-5
-5
-5
-20
5
49
-48
-95
78
78
-95
-48
49
5
-20
-5
-5
-5
-5
-5
-5
-5
-5
-5
-5
-5
-5
-5
-5
-5
-5
-5
-5
-5
-5
-5
-5
-5
-5
-5
-5
-5
-5
-5
-5
-5
-5
-5
-5
-5
-5
-5
-5
-5
-5
-5
-5
-5
-5
-5
-5
-5
-5
-5
-5
-5
-5
-5
-5
-5
-5
-5
-5
-5
-5
-5
-5
-5
-5
-5
-5
-5
-5
-5
10
-15
-59
38
85
-88
-88
92
50
-101
-37
108
7
-132
7
100
-15
-89
-15
100
7
-132
7
93
-27
-47
7
2
-5
-5
-5
-5
-5
-5
-5
-5
-5
-5
-5
-5
-5
-5
-5
-5
-5
-5
-5
-5
-5
-5
-5
-5
-5
-5
-5
-5
-5
-5
-5
-5
-5
-5
-5
-5
-5
-5
-5
-5
-5
-5
-5
-5
-5
-5
-5
-5
-5
-5
-5
-5
-5
-5
-5
-5
-5
-5
-5
-5
-5
-5
-5
-5
-5
-5
-5
-5
-5
-5
-5
-5
-5
-5
-5
-5
2
7
-47
-27
100
19
-181
-27
255
9
-368
35
427
-159
-389
278
231
-360
-86
345
-20
-287
51
196
-89
-156
139
119
-235
-82
296
7
-341
50
323
-110
-264
116
155
-123
-79
120
14
-132
7
93
-27
-47
7
17
-15
-59
38
85
-88
-88
85
38
-59
-15
10
-5
-5
-5
-5
-5
-5
-5
-5
-5
-5
-5
-5
-5
-5
-5
-5
-5
-5
-5
-5
-5
-5
-5
-5
-5
-5
-5
-5
-5
-5
-5
-5
-5
-5
-5
-5
-5
-5
-5
-5
-5
-5
-5
-5
-5
-5
-5
-5
-5
-5
-5
-5
-5
-5
-5
-5
-5
-5
-5
-5
-5
-5
-5
-5
-5
-5
-5
-5
-5
-5
-5
-5
-5
-5
-5
-5
-5
-5
-5
-5
-5
10
-15
-59
45
97
-130
-110
190
62
-235
-37
270
9
-375
16
479
-86
-564
157
581
-271
-538
377
397
-445
-254
412
162
-378
-150
353
130
-353
-96
303
28
-228
9
115
-27
-47
7
17
-15
-59
38
85
-88
-88
85
38
-59
-15
10
-5
-5
-5
-5
-5
-5
-5
-5
-5
-5
-5
-5
-5
-5
-5
-5
-5
-5
-5
-5
-5
-5
-5
-5
-5
-5
-5
-5
-5
-5
-5
-5
-5
-5
-5
10
-15
-59
38
85
-88
-88
85
38
-59
-15
10
-5
-5
-5
-5
-5
-5
-5
-5
-5
-5
-5
-5
-5
-5
-5
-5
-5
-5
-5
-5
-5
-5
-5
-5
-5
-5
-5
-5
-5
-5
-5
-5
-5
-5
-5
-5
-5
-5
-5
2
7
-47
-27
93
7
-132
7
108
-37
-101
57
104
-130
-110
190
77
-238
-79
264
65
-311
-21
295
-77
-238
130
150
-142
-98
100
38
-59
-15
25
-15
-59
38
92
-76
-130
63
136
-47
-142
22
93
-27
-47
7
2
-5
-5
2
7
-47
-27
93
7
-132
7
93
-27
-40
26
-28
-69
71
127
-118
-216
133
286
-192
-321
264
272
-343
-204
373
127
-407
-53
415
-53
-407
127
373
-204
-343
272
279
-331
-246
336
242
-329
-265
315
241
-344
-193
377
109
-404
-38
358
-29
-292
67
205
-110
-130
104
57
-101
-37
108
7
-132
7
108
-37
-101
50
92
-88
-88
100
28
-113
43
105
-152
-99
225
57
-267
-30
241
-4
-196
12
123
-37
-101
72
109
-194
-121
338
59
-448
25
444
-119
-375
164
260
-206
-162
225
47
-240
40
220
-108
-226
125
245
-172
-247
217
160
-250
-60
237
-38
-238
102
237
-194
-231
277
150
-343
-23
346
-132
-334
233
320
-319
-309
377
240
-439
-142
467
27
-468
38
423
-61
-405
67
405
-137
-417
232
385
-331
-331
385
240
-439
-149
470
44
-490
37
458
-107
-417
142
373
-204
-343
280
242
-333
-120
290
-4
-194
65
96
-130
-47
179
2
-231
8
233
-20
-213
21
162
-68
-145
141
127
-225
-130
241
111
-248
-97
255
35
-279
42
267
-139
-270
216
280
-309
-282
378
164
-409
32
331
-229
-194
305
52
-324
37
315
-140
-279
229
172
-314
-78
373
1
-436
47
443
-107
-417
157
370
-246
-342
340
287
-414
-241
428
171
-439
-80
427
-31
-417
66
411
-60
-446
69
448
-161
-397
255
282
-289
-224
253
228
-278
-246
357
167
-416
-53
378
-71
-314
187
226
-321
-132
395
25
-427
52
425
-143
-413
223
333
-291
-223
331
86
-385
37
432
-142
-478
189
496
-228
-498
262
453
-330
-373
382
255
-439
-149
470
44
-490
37
458
-92
-427
88
423
-102
-468
175
445
-288
-362
345
258
-383
-198
412
135
-436
-77
411
-35
-354
179
258
-317
-200
369
201
-415
-212
467
118
-490
18
430
-162
-342
292
204
-415
-49
445
-85
-417
157
348
-248
-246
334
89
-397
19
413
-85
-414
117
365
-151
-315
155
246
-150
-189
128
116
-153
-65
215
-1
-277
24
249
-16
-149
-38
7
87
89
-119
-155
88
217
-75
-316
120
353
-237
-301
301
209
-291
-185
253
201
-277
-232
348
220
-441
-179
468
111
-452
-71
420
51
-433
-24
450
-78
-449
213
382
-309
-318
301
286
-293
-274
356
180
-457
-54
479
-21
-444
-2
405
-15
-405
125
379
-313
-293
465
123
-544
46
537
-179
-510
263
438
-330
-343
364
201
-395
-39
408
-149
-407
299
358
-420
-269
494
107
-522
58
472
-171
-415
226
365
-329
-291
452
127
-537
61
527
-233
-467
345
377
-401
-318
415
249
-437
-144
441
-4
-437
115
427
-220
-416
347
315
-482
-135
539
-51
-542
159
515
-206
-508
223
493
-267
-465
313
410
-365
-358
422
271
-487
-169
505
96
-496
-108
493
124
-518
-101
527
32
-530
32
527
-108
-530
181
498
-287
-413
389
269
-467
-148
493
68
-491
15
420
-141
-284
234
106
-253
41
202
-165
-125
252
31
-283
46
236
-81
-166
42
146
0
-218
32
280
-136
-275
206
231
-235
-210
270
173
-318
-108
330
30
-342
45
330
-131
-296
192
226
-219
-164
196
133
-146
-146
87
164
-67
-134
47
30
30
54
-115
-83
115
86
-72
-98
51
106
-115
-85
233
-11
-329
152
326
-253
-282
266
273
-270
-302
292
292
-317
-245
317
169
-329
-95
336
33
-340
6
326
-70
-280
161
163
-237
-15
219
-88
-148
89
92
-73
-76
113
24
-188
70
216
-158
-178
182
100
-142
-55
69
50
-60
-38
125
-46
-205
170
226
-285
-202
380
134
-460
-56
473
-7
-453
46
422
-118
-394
206
336
-276
-253
290
166
-299
-92
326
-5
-352
117
296
-205
-183
198
104
-114
-118
28
142
28
-111
-87
52
122
-27
-98
15
23
18
57
-76
-110
100
125
-71
-109
28
70
-26
-21
28
6
-26
-49
45
57
-60
7
7
-60
57
45
-34
-36
-70
69
172
-118
-243
167
242
-222
-165
245
55
-235
45
191
-122
-117
149
30
-110
15
35
-24
35
22
-98
-27
137
42
-148
-80
167
93
-195
-55
181
-9
-140
74
118
-153
-131
208
167
-231
-211
263
187
-334
-79
370
-29
-341
30
292
20
-280
-36
297
-25
-332
138
328
-262
-277
338
199
-371
-135
370
80
-365
-45
368
9
-398
44
410
-142
-378
239
302
-318
-216
360
119
-363
-40
326
-5
-315
56
306
-160
-277
273
211
-356
-140
402
48
-420
33
412
-78
-428
82
473
-118
-508
193
463
-297
-335
381
144
-422
26
402
-132
-378
184
348
-223
-327
236
324
-266
-308
305
200
-321
-21
265
-126
-187
162
125
-125
-91
74
84
-62
-97
83
76
-102
-1
76
-88
-27
127
-12
-113
32
96
-55
-97
83
83
-97
-70
106
86
-171
-92
264
28
-293
72
233
-150
-160
201
104
-245
-62
262
25
-261
9
245
-60
-218
115
179
-152
-167
189
169
-268
-162
370
114
-441
-52
431
-6
-363
63
255
-134
-159
201
106
-273
-89
348
38
-398
60
360
-147
-268
169
189
-175
-130
191
50
-202
28
179
-65
-168
84
159
-132
-122
191
52
-208
3
169
-24
-105
22
42
-12
-7
0
0
0
0
0
0
0
0
0
-15
10
54
-50
-102
125
105
-195
-67
223
20
-226
20
223
-67
-210
115
179
-160
-130
191
50
-202
28
179
-58
-156
42
137
-34
-110
64
64
-110
-19
127
-12
-113
32
96
-62
-124
135
159
-231
-145
264
81
-218
-11
150
-45
-127
93
137
-133
-148
147
147
-148
-133
137
93
-105
-43
54
10
-22
-12
42
22
-98
-12
127
-12
-98
22
42
-12
-7
0
0
-15
10
54
-43
-90
83
83
-90
-43
54
10
-15
0
0
0
-15
10
54
-43
-90
83
83
-90
-43
54
10
-30
10
54
-43
-105
93
137
-140
-145
179
115
-210
-67
223
20
-211
10
169
-24
-120
32
96
-55
-97
83
83
-90
-43
54
10
-15
0
0
0
0
0
0
0
0
0
0
0
0
0
0
0
0
0
0
-15
10
54
-43
-90
83
83
-97
-55
96
32
-113
-12
127
-12
-113
32
96
-55
-97
83
83
-90
-43
54
10
-15
0
0
0
-15
10
54
-43
-90
83
83
-90
-43
54
10
-15
0
0
0
0
0
0
0
0
0
0
0
0
0
-7
-12
42
22
-98
-12
127
-12
-98
22
42
-12
-14
-12
42
22
-98
-12
127
-19
-110
64
64
-110
-19
127
-12
-98
22
42
-12
-7
0
0
0
0
0
0
0
0
0
0
0
0
0
0
0
0
0
0
0
0
0
0
0
0
0
0
0
0
0
0
0
0
0
0
0
0
0
0
0
0
0
0
0
0
0
0
0
-7
-12
42
22
-98
-12
127
-12
-98
22
42
-12
-7
0
0
0
0
0
0
0
0
0
0
0
0
0
0
0
0
0
0
0
0
-7
-12
42
22
-98
-12
127
-12
-98
22
42
-12
-7
0
0
0
0
0
0
-7
-12
42
22
-98
-12
127
-12
-98
22
42
-12
-7
0
0
0
0
0
0
0
0
0
0
0
0
0
0
0
0
0
0
0
0
0
0
0
0
0
0
0
0
0
0
0
0
0
0
0
0
0
0
0
0
0
0
0
0
0
0
0
0
0
0
0
0
0
0
0
0
0
0
0
0
0
0
0
0
0
0
0
0
0
0
0
0
0
0
0
0
0
0
0
0
0
0
0
0
0
0
0
0
0
0
0
0
0
0
0
0
0
0
0
0
0
0
0
0
0
0
0
0
0
0
0
0
0
0
0
0
0
0
0
0
0
0
0
0
0
0
0
0
0
0
0
0
0
0
0
0
0
0
0
0
0
0
0
0
0
0
0
0
0
0
0
0
0
0
0
0
0
0
0
0
0
0
0
0
0
0
0
0
0
0
0
0
0
0
0
0
0
0
0
0
0
0
0
0
0
0
15
-10
-54
43
90
-83
-83
97
55
-96
-32
113
12
-127
12
98
-22
-42
12
7
0
0
0
0
0
0
0
0
0
0
0
0
0
0
0
0
0
0
0
0
0
0
0
0
7
12
-42
-22
113
2
-181
55
188
-105
-125
102
50
-54
-10
15
15
-10
-54
43
90
-83
-83
90
43
-54
-10
15
0
0
0
15
-10
-54
43
90
-83
-83
90
43
-54
-10
15
0
0
0
0
0
0
15
-10
-54
43
90
-83
-83
90
43
-54
-10
15
0
0
0
0
0
0
0
0
0
0
7
12
-42
-22
98
12
-127
12
98
-22
-42
12
7
0
0
0
0
0
0
0
0
0
0
0
0
0
0
0
0
0
15
-10
-54
43
90
-83
-83
97
55
-96
-32
113
12
-127
12
98
-22
-42
12
7
0
0
0
0
0
0
0
0
0
0
0
0
0
0
0
0
0
7
12
-42
-22
98
12
-127
12
98
-22
-42
12
7
0
0
0
0
0
0
0
0
0
0
0
0
0
15
-10
-54
43
105
-93
-137
140
145
-179
-115
203
55
-181
2
120
-10
-84
-3
117
-30
-149
110
110
-149
-30
117
-3
-84
-10
105
12
-127
12
98
-22
-42
12
7
0
0
0
0
0
0
0
0
0
0
0
0
0
0
0
0
0
7
12
-42
-22
98
12
-127
19
110
-64
-64
110
19
-127
12
113
-32
-96
55
97
-83
-83
97
55
-96
-32
113
12
-127
12
113
-32
-96
55
97
-83
-83
90
43
-54
-10
15
0
0
0
0
0
0
0
0
0
0
7
12
-42
-22
105
24
-169
-10
196
-10
-169
31
117
-64
-64
117
31
-169
-10
203
2
-211
2
218
-20
-223
67
195
-105
-125
102
50
-54
-10
15
0
0
0
0
0
0
0
0
0
0
15
-10
-54
43
90
-83
-83
97
55
-96
-32
113
12
-127
12
113
-32
-96
55
97
-83
-83
97
55
-96
-32
113
27
-137
-42
141
68
-125
-71
97
43
-54
-10
15
0
0
0
0
0
0
0
0
0
0
0
0
0
15
-10
-54
43
90
-83
-83
90
58
-64
-64
58
90
-83
-83
105
48
-118
-21
148
7
-166
14
160
-63
-140
146
117
-210
-71
203
11
-150
45
112
-83
-83
97
55
-96
-32
113
19
-115
-30
91
66
-84
-72
109
15
-105
48
70
-57
-64
58
90
-83
-76
117
-9
-130
131
117
-210
-71
195
33
-138
-20
120
27
-137
-35
168
16
-201
70
199
-167
-125
193
26
-150
45
112
-83
-83
90
58
-64
-64
58
90
-83
-83
97
55
-96
-17
103
-42
-84
117
20
-169
37
203
-50
-230
72
257
-134
-265
221
270
-294
-230
335
133
-341
0
339
-116
-316
190
273
-201
-221
187
185
-189
-135
229
64
-277
23
301
-93
-252
121
175
-128
-128
168
109
-210
-71
210
23
-192
23
210
-71
-210
124
158
-182
-78
277
-4
-357
95
363
-146
-317
155
298
-177
-262
241
177
-309
-66
375
-26
-399
114
375
-200
-297
275
212
-316
-123
327
57
-329
-19
366
-13
-389
81
355
-168
-265
255
194
-316
-150
371
71
-382
72
319
-177
-209
190
158
-190
-158
265
117
-315
-23
258
-36
-160
75
117
-147
-94
245
52
-316
25
363
-134
-350
255
285
-338
-199
356
130
-306
-69
225
11
-150
45
127
-93
-137
148
138
-201
-97
250
8
-242
110
165
-202
-63
243
12
-250
4
272
-39
-309
136
320
-208
-282
197
251
-158
-236
206
177
-296
-37
332
-70
-317
94
334
-109
-334
193
262
-305
-125
400
7
-409
58
356
-48
-305
21
320
-35
-358
107
375
-192
-338
292
267
-392
-149
480
7
-507
147
465
-273
-326
337
170
-351
-61
385
6
-431
59
460
-144
-434
253
368
-338
-261
382
135
-380
-5
389
-115
-392
233
383
-326
-326
383
233
-392
-122
377
52
-368
-17
413
-44
-433
187
357
-327
-198
386
75
-358
-34
330
31
-336
20
367
-127
-350
263
263
-350
-119
345
-7
-261
92
182
-134
-147
205
124
-304
-28
379
-102
-380
191
368
-207
-378
208
418
-236
-409
292
345
-337
-241
375
162
-412
-102
463
42
-485
49
475
-144
-419
235
328
-261
-224
227
165
-185
-134
195
97
-218
-18
217
-99
-148
227
39
-296
71
303
-168
-244
284
144
-378
-23
411
-41
-400
80
388
-144
-347
229
295
-282
-248
335
213
-402
-134
480
22
-517
93
515
-171
-451
232
358
-296
-242
387
134
-463
-44
496
-17
-453
79
350
-104
-231
107
165
-138
-116
230
32
-296
56
313
-114
-294
182
276
-261
-253
334
238
-390
-168
437
11
-414
156
347
-241
-282
295
237
-369
-156
453
57
-485
49
475
-129
-444
191
433
-236
-409
292
345
-337
-241
375
147
-402
-41
432
-90
-424
238
368
-338
-254
379
110
-336
1
277
-19
-263
31
308
-128
-305
278
239
-378
-142
425
53
-420
65
387
-173
-339
253
325
-314
-304
382
245
-434
-144
475
71
-483
-47
496
44
-505
35
499
-158
-454
262
413
-325
-354
404
237
-464
-39
448
-146
-327
267
175
-306
-49
327
-37
-348
138
367
-239
-326
303
261
-339
-181
409
77
-485
61
527
-174
-505
275
440
-357
-306
424
150
-432
-42
430
28
-427
-46
428
74
-420
-61
430
-4
-420
122
389
-220
-344
303
333
-378
-303
463
198
-463
-49
379
-38
-283
79
264
-146
-244
282
147
-373
7
392
-111
-378
184
369
-241
-324
290
265
-332
-181
409
77
-485
61
520
-186
-463
282
360
-337
-241
375
147
-402
-48
420
-33
-412
78
428
-97
-456
177
411
-263
-260
294
106
-278
15
260
-120
-164
189
36
-199
59
209
-122
-204
211
159
-271
-115
292
151
-314
-175
374
86
-402
93
401
-242
-380
346
358
-410
-313
450
270
-436
-234
371
251
-288
-297
273
323
-315
-254
379
116
-397
37
368
-106
-318
118
306
-155
-287
285
225
-427
-98
513
-32
-517
155
475
-229
-393
257
314
-263
-221
308
100
-326
9
296
-41
-234
62
163
-120
-58
180
2
-217
-14
301
19
-388
71
408
-190
-336
285
259
-357
-198
431
170
-483
-124
508
47
-484
58
447
-115
-437
159
454
-188
-428
218
342
-210
-213
211
104
-216
-27
258
-13
-291
98
276
-193
-163
225
57
-178
-9
167
13
-219
23
288
-89
-288
201
236
-335
-112
464
-34
-515
156
520
-216
-486
279
416
-347
-263
411
91
-444
59
477
-155
-471
218
421
-205
-331
119
313
-26
-364
65
400
-198
-331
321
231
-361
-136
357
54
-335
53
332
-174
-300
320
228
-427
-100
437
14
-372
32
327
-91
-280
210
208
-288
-129
335
84
-366
-16
399
-95
-377
202
359
-244
-356
283
337
-339
-220
394
101
-408
-34
412
34
-402
1
393
-76
-352
161
301
-203
-223
209
144
-143
-75
63
47
-22
4
48
-55
-36
64
-19
23
84
-117
-116
172
151
-159
-196
127
286
-112
-376
195
420
-328
-364
448
282
-493
-216
520
164
-537
-61
554
-69
-515
184
426
-217
-294
195
195
-158
-151
207
146
-321
-65
418
-71
-388
207
269
-284
-110
352
-15
-405
92
456
-106
-459
145
413
-226
-292
342
162
-430
-18
490
-125
-479
269
427
-353
-360
415
318
-445
-272
444
264
-425
-234
437
144
-441
4
430
-112
-395
188
368
-257
-313
365
225
-462
-80
510
-73
-450
168
360
-164
-320
183
345
-280
-332
416
272
-491
-154
478
39
-374
43
288
-74
-252
163
214
-272
-104
336
24
-338
-3
395
-23
-467
117
510
-201
-493
282
455
-367
-360
467
240
-515
-118
532
44
-513
-5
510
-5
-513
59
522
-157
-475
288
378
-380
-201
419
14
-367
161
259
-269
-110
352
-30
-388
173
361
-257
-253
298
168
-315
-125
385
97
-463
5
512
-142
-482
276
427
-338
-363
373
319
-392
-240
439
142
-482
-2
512
-142
-482
276
427
-338
-370
361
361
-363
-326
385
254
-384
-130
385
17
-372
78
375
-138
-344
216
278
-279
-167
353
76
-413
42
438
-167
-377
288
300
-341
-255
405
234
-470
-150
522
52
-525
52
522
-165
-453
300
313
-379
-118
417
-27
-427
115
446
-145
-434
203
385
-284
-277
397
154
-475
-2
512
-135
-463
246
363
-277
-243
312
161
-372
-81
458
22
-491
49
468
-114
-392
193
344
-263
-310
373
266
-467
-157
522
52
-525
52
522
-157
-482
276
427
-353
-353
427
276
-482
-157
522
52
-518
64
480
-179
-384
288
300
-341
-240
395
180
-427
-45
429
-93
-363
209
278
-264
-162
289
65
-272
27
260
-103
-223
206
173
-265
-90
299
39
-302
0
331
-50
-348
193
305
-352
-155
448
9
-440
96
427
-158
-398
234
341
-254
-238
248
150
-239
-59
282
-25
-308
140
272
-226
-125
272
-38
-249
165
226
-200
-215
236
226
-287
-182
375
85
-412
46
407
-142
-370
246
342
-355
-277
468
198
-518
-103
532
44
-506
22
458
-96
-355
227
227
-348
-84
416
0
-393
61
341
-102
-287
183
260
-266
-193
343
117
-357
-32
363
-32
-365
139
355
-258
-258
355
139
-365
-32
363
-32
-372
127
397
-243
-368
385
288
-460
-167
468
95
-435
-31
439
-75
-410
246
310
-352
-160
395
71
-400
-22
404
-4
-366
78
314
-165
-232
247
172
-253
-118
248
90
-259
-15
289
-75
-280
183
260
-258
-200
321
128
-322
-37
324
-37
-337
138
375
-235
-370
331
331
-370
-250
385
192
-380
-127
407
53
-415
53
407
-127
-373
204
343
-272
-257
333
150
-323
-25
282
-52
-212
98
172
-97
-145
143
121
-225
-12
291
-105
-257
187
204
-210
-157
270
109
-330
-2
375
-88
-365
143
363
-167
-348
258
300
-362
-189
426
107
-428
-31
439
-60
-427
165
405
-171
-379
146
360
-153
-272
217
175
-266
-87
311
21
-287
55
226
-65
-173
57
196
-65
-198
120
184
-155
-125
196
55
-197
33
184
-75
-153
143
121
-210
-37
247
-1
-206
-6
194
18
-197
40
206
-71
-213
104
257
-173
-220
280
90
-305
104
260
-228
-177
279
140
-248
-118
226
108
-205
-50
186
-12
-113
91
58
-140
-24
181
52
-186
-64
206
40
-205
55
196
-125
-170
194
174
-256
-130
323
36
-315
119
260
-228
-184
267
182
-226
-216
214
235
-224
-160
250
67
-240
6
270
-40
-310
96
353
-137
-343
194
289
-222
-170
218
99
-170
-82
172
98
-197
-77
238
72
-268
-45
321
-19
-312
141
238
-205
-105
196
23
-127
30
101
-57
-104
130
110
-190
-77
238
79
-264
-65
311
21
-295
77
238
-145
-140
196
55
-190
30
152
-21
-111
-21
152
30
-190
55
196
-133
-133
196
55
-197
33
184
-60
-163
89
164
-120
-105
154
35
-120
30
101
-50
-99
76
130
-70
-148
89
164
-127
-124
184
99
-196
-80
216
65
-224
10
248
-83
-257
165
247
-210
-163
218
92
-175
-28
152
-22
-104
89
47
-90
0
89
15
-100
-7
132
-7
-108
37
101
-50
-92
88
88
-85
-38
59
15
-10
-10
15
52
-50
-43
110
-10
-97
89
47
-98
22
101
-57
-111
118
152
-168
-160
216
152
-225
-95
238
45
-217
-4
216
3
-198
15
174
-19
-100
27
47
-7
-2
5
5
5
5
5
5
5
5
5
5
5
5
5
5
5
5
-2
-7
47
27
-108
3
186
-50
-198
120
184
-140
-135
142
98
-100
-38
59
15
-10
5
5
5
-2
-7
47
27
-100
-19
174
15
-213
13
270
-40
-303
108
311
-167
-223
218
97
-209
26
184
-53
-151
47
142
-22
-108
37
101
-50
-107
98
142
-135
-140
184
113
-210
-8
208
-110
-110
208
-8
-202
91
172
-75
-150
35
184
0
-198
3
216
-4
-210
57
196
-124
-124
196
50
-222
38
238
-95
-210
142
162
-117
-78
69
35
-29
8
59
-38
-85
88
88
-85
-38
59
15
-25
15
59
-45
-97
130
110
-183
-50
186
3
-123
37
101
-50
-107
98
142
-135
-140
184
120
-205
-62
228
25
-206
15
174
-26
-112
69
69
-105
-14
132
-7
-93
27
47
-7
-2
5
5
-2
-7
47
20
-120
45
208
-148
-210
247
172
-238
-113
184
86
-122
-43
123
26
-158
8
225
-52
-252
139
270
-224
-258
321
224
-350
-133
331
60
-275
7
250
-55
-213
120
184
-140
-135
142
98
-100
-53
69
69
-53
-85
88
88
-100
-28
113
-28
-100
88
88
-92
-50
101
37
-108
-7
132
-7
-93
27
47
-22
8
59
-38
-100
98
142
-135
-140
184
120
-205
-62
228
25
-221
25
228
-69
-202
152
152
-195
-57
186
3
-115
15
89
15
-100
-7
132
-7
-93
27
47
-7
-2
5
5
5
5
5
-2
-7
47
27
-108
3
186
-57
-210
162
206
-238
-162
279
140
-256
-111
248
97
-247
-57
267
30
-241
4
196
-19
-120
69
69
-105
-14
132
-7
-93
27
47
-7
-2
5
5
5
5
5
5
5
5
5
-2
-7
47
27
-108
3
186
-50
-198
120
184
-140
-150
152
152
-150
-155
194
174
-256
-130
323
43
-295
55
226
-72
-170
89
164
-127
-117
196
57
-203
8
174
-19
-115
37
101
-57
-104
130
110
-183
-50
186
3
-123
37
101
-57
-104
130
110
-198
-40
240
-40
-213
120
184
-147
-147
184
120
-198
-65
196
57
-158
-75
172
98
-190
-50
186
3
-123
37
101
-50
-107
98
142
-128
-128
142
98
-100
-38
59
15
-10
5
5
5
5
5
5
5
5
5
5
-2
-7
47
27
-93
-7
132
-7
-93
27
47
-14
-14
47
27
-93
-7
132
-14
-105
69
69
-105
-14
132
-7
-100
15
89
15
-100
-22
142
47
-136
-63
130
76
-99
-50
101
37
-108
-7
132
-7
-93
27
47
-7
-2
5
5
5
5
5
5
5
5
5
5
5
5
-2
-7
47
27
-93
-7
132
-7
-93
27
47
-7
-2
5
5
-2
-7
47
27
-100
-19
174
15
-191
15
174
-19
-100
27
47
-7
-2
5
5
5
-10
15
59
-38
-85
88
88
-85
-38
59
15
-10
5
5
5
5
5
5
5
5
5
5
5
5
5
-10
15
59
-45
-97
130
110
-190
-62
228
25
-206
15
174
-19
-100
27
47
-7
-2
5
5
5
5
5
5
5
5
5
5
5
5
5
5
5
5
5
5
5
5
5
5
5
5
5
5
5
5
5
5
5
5
5
5
5
5
5
5
5
5
5
5
5
5
5
5
5
5
5
5
5
5
5
5
5
5
5
5
5
5
5
5
5
5
5
5
5
5
5
5
5
5
5
5
5
5
5
5
5
5
5
5
5
5
5
5
5
5
5
5
5
-2
-7
47
27
-93
-7
132
-7
-108
37
101
-50
-92
88
88
-85
-38
59
15
-10
5
5
5
5
5
5
5
5
5
5
5
5
5
5
5
5
5
5
5
5
5
5
5
5
5
5
5
5
5
5
5
5
-2
-7
47
27
-93
-7
132
-7
-93
27
47
-7
-2
5
5
5
5
5
5
5
5
5
5
5
5
5
5
5
5
5
5
5
5
5
5
5
5
5
5
5
5
5
5
5
5
5
5
5
5
5
5
5
-2
-7
47
27
-93
-7
132
-7
-93
27
47
-7
-2
5
5
5
5
5
5
5
5
5
5
-10
15
59
-38
-85
88
88
-85
-38
59
15
-10
5
5
5
5
5
5
5
5
5
5
5
5
5
5
5
5
5
5
5
5
5
5
5
5
5
5
5
5
5
5
5
5
5
5
5
5
5
5
5
5
5
5
5
5
5
5
5
5
5
5
5
5
5
5
5
5
5
5
5
5
5
5
5
5
5
5
5
5
5
5
5
5
5
5
5
5
5
5
5
5
5
5
5
5
5
5
5
5
5
5
5
5
5
5
5
5
5
5
5
5
5
5
5
5
5
5
5
5
5
5
5
5
5
5
5
5
5
5
5
5
5
5
5
5
5
5
5
5
5
5
5
5
5
5
5
5
5
5
5
5
5
5
5
5
5
5
5
5
5
5
5
5
5
5
5
5
5
5
5
5
5
5
5
5
5
5
5
5
5
5
5
5
5
5
5
5
5
5
5
5
5
5
5
5
5
5
-10
15
59
-45
-97
130
110
-183
-50
186
3
-108
27
47
-7
-2
5
5
5
5
5
5
5
5
5
5
5
5
5
5
5
5
5
5
5
5
5
5
5
5
5
5
5
5
5
5
5
5
5
5
5
5
5
5
5
5
5
5
5
5
5
5
5
5
5
5
5
5
5
5
5
5
5
5
5
5
5
5
5
5
5
5
5
5
5
5
5
5
5
5
5
5
5
5
5
5
5
5
5
5
5
5
5
5
5
5
5
5
5
5
5
5
5
5
5
5
5
5
5
5
5
5
5
5
5
5
5
5
5
5
5
5
5
5
5
5
5
5
5
5
5
5
5
5
5
5
5
5
5
5
5
5
5
5
5
5
5
5
5
5
5
5
5
5
-10
15
59
-38
-85
88
88
-85
-38
74
5
-64
48
95
-78
-78
95
48
-49
-5
20
5
5
5
5
5
5
5
5
5
5
5
5
5
5
5
5
5
5
5
5
5
5
5
5
5
5
5
5
5
5
5
5
5
5
5
5
5
5
5
5
5
5
5
5
5
5
5
5
5
5
5
5
5
5
5
5
5
5
5
5
5
5
5
5
5
5
5
5
5
5
5
5
5
5
5
5
5
5
5
5
5
5
5
5
5
5
5
5
5
5
5
5
5
5
5
5
5
5
5
5
5
5
5
5
5
5
5
5
5
5
5
5
5
5
5
5
5
5
5
5
5
5
5
5
5
5
5
5
5
5
5
5
5
5
5
5
5
5
5
5
5
5
5
5
5
5
5
5
5
5
5
5
5
5
5
5
5
5
5
5
5
5
5
5
5
5
5
5
5
5
5
5
5
5
5
5
5
5
5
5
5
5
5
5
5
5
5
5
5
5
5
5
5
5
5
5
5
5
5
5
5
5
5
5
5
5
5
5
5
5
5
5
5
5
5
5
5
5
5
5
5
5
5
5
5
5
5
5
5
5
5
5
5
5
5
5
5
5
5
5
5
5
5
5
5
5
5
5
5
5
5
5
5
5
5
5
5
5
5
5
5
5
5
5
5
5
5
5
5
5
5
5
5
5
5
5
5
5
5
5
5
5
5
5
5
5
5
5
5
5
5
5
12
17
-37
-17
103
17
-122
17
103
-17
-37
17
12
5
5
5
5
5
5
5
5
5
5
5
5
5
5
5
5
5
5
5
5
5
5
5
5
5
5
5
5
5
5
5
5
5
5
5
5
5
5
5
5
5
5
5
5
5
5
5
5
5
5
5
5
5
5
5
5
5
5
5
5
5
5
5
5
5
5
5
5
5
5
5
5
5
5
5
5
5
5
5
5
5
5
5
5
5
5
5
5
5
5
5
5
5
5
5
5
5
5
5
5
5
5
5
5
5
5
5
5
5
5
5
5
5
5
5
5
5
5
5
5
5
5
5
5
5
5
5
5
5
5
5
5
5
5
5
5
5
5
5
5
5
5
5
5
5
5
5
5
5
5
5
5
5
5
5
5
5
5
5
5
5
5
5
5
5
5
5
5
5
5
5
5
5
5
5
5
5
5
5
5
5
5
5
5
5
5
5
5
5
5
5
5
5
5
5
5
5
5
5
5
5
5
5
5
5
5
5
5
5
5
5
5
5
5
5
5
5
5
5
5
5
5
5
5
5
5
5
5
5
5
5
5
5
5
5
5
5
5
5
5
5
5
5
5
5
5
5
5
5
5
5
5
5
5
5
5
5
5
5
5
5
5
5
5
5
5
5
5
5
5
5
5
5
5
5
5
5
5
5
5
5
5
5
5
5
5
5
5
5
5
5
5
5
5
5
5
5
5
5
5
5
5
5
5
5
5
5
5
5
5
5
5
5
-2
-7
47
27
-93
-7
132
-7
-93
27
47
-7
-2
5
5
5
5
5
5
5
5
5
5
5
5
5
5
5
5
5
5
12
17
-37
-17
103
17
-122
17
103
-17
-37
17
12
5
5
5
5
5
5
5
5
5
5
5
5
5
5
5
5
5
5
5
5
5
5
5
5
5
5
5
5
5
5
5
5
5
5
5
5
5
5
5
5
5
5
5
5
5
5
5
5
5
5
5
5
5
5
5
5
5
5
5
5
5
5
5
5
5
5
5
5
5
5
5
5
5
5
5
5
5
5
5
5
5
5
5
5
5
5
5
5
5
5
5
5
5
5
5
5
5
5
5
5
5
5
5
5
5
5
5
5
5
5
5
5
5
5
5
5
5
5
5
5
5
5
5
5
5
5
5
5
5
5
5
5
5
5
5
5
5
5
5
5
5
5
5
5
5
5
5
5
5
5
5
5
5
5
5
5
5
5
5
5
5
5
5
5
5
5
5
5
5
5
5
5
5
5
5
5
5
5
5
5
5
5
5
5
5
5
5
5
5
5
5
5
5
5
5
5
5
5
5
5
5
5
5
5
5
5
5
5
5
5
5
5
5
5
5
5
5
5
5
5
5
5
5
5
5
12
17
-37
-17
103
17
-122
17
103
-17
-37
17
12
5
5
5
5
5
5
5
5
5
5
5
5
5
5
5
5
5
5
5
5
5
5
5
5
5
20
-5
-49
48
95
-78
-78
95
48
-49
-5
20
5
-10
15
59
-38
-85
88
88
-85
-38
59
15
-10
5
5
5
5
12
17
-37
-17
103
17
-122
17
103
-17
-37
17
12
5
5
5
5
-2
-7
47
27
-93
-7
132
-7
-93
27
47
-7
-2
5
5
5
5
5
5
5
5
5
5
5
5
5
-2
-7
47
27
-93
-7
132
-7
-93
27
47
-7
-2
5
5
5
5
5
5
5
5
5
5
5
5
5
5
5
5
5
5
5
5
5
5
5
5
5
5
5
5
5
5
5
5
5
5
5
5
5
5
5
5
5
5
5
5
5
5
5
5
5
5
5
5
5
5
5
5
5
5
5
5
5
5
5
5
5
5
5
5
5
5
5
20
-5
-64
58
149
-121
-168
178
131
-139
-48
74
15
-10
5
5
5
5
5
5
5
5
5
5
5
5
5
5
5
5
5
5
5
5
5
5
5
5
5
5
5
5
5
5
5
5
5
5
5
5
5
5
5
5
5
5
5
5
5
5
5
5
5
5
5
5
5
5
5
5
5
5
5
5
5
5
5
5
5
5
5
5
5
5
5
5
5
5
5
5
5
5
5
5
5
5
5
5
5
5
5
5
5
5
20
-5
-49
48
95
-78
-78
95
48
-49
-5
20
5
5
5
5
5
5
5
5
5
5
5
5
5
5
5
5
5
5
5
5
5
5
5
5
5
5
5
5
5
5
5
5
5
5
5
5
5
5
5
5
5
5
5
5
5
5
5
5
5
5
5
5
5
5
5
5
5
5
5
5
5
5
5
5
5
5
5
5
5
5
5
5
5
5
5
5
5
5
5
5
5
5
5
5
5
5
5
5
5
5
5
5
5
5
5
5
5
5
5
5
5
5
5
5
5
5
5
5
5
5
5
5
5
5
5
5
5
5
5
5
5
5
5
5
5
5
5
5
5
5
5
5
5
5
5
5
5
5
5
5
5
5
5
5
5
5
5
5
5
5
5
5
5
5
5
5
5
5
5
5
5
5
5
5
5
5
5
5
5
5
5
5
5
5
5
5
5
5
5
5
5
5
5
5
5
5
5
5
5
5
5
5
5
5
5
12
17
-37
-17
110
29
-164
-5
201
-5
-164
29
110
-17
-37
24
24
-37
-17
103
17
-137
27
157
-60
-127
100
95
-85
-38
59
15
-10
5
5
5
5
5
5
5
5
5
5
5
5
5
5
5
5
5
5
5
5
5
5
5
5
5
5
5
5
5
5
5
5
5
5
5
5
5
5
5
5
5
5
5
5
5
5
5
5
5
5
5
5
5
5
5
5
5
5
5
5
5
5
5
5
5
5
5
5
5
5
-10
15
74
-48
-139
131
178
-168
-121
149
58
-64
-5
20
5
5
5
5
5
5
5
5
5
5
5
5
5
5
5
5
5
5
5
5
5
20
-5
-49
48
110
-95
-144
180
160
-230
-100
237
36
-147
17
62
-7
-17
22
71
-80
-122
196
154
-255
-116
247
88
-184
-48
164
27
-137
17
103
-17
-37
17
12
5
5
5
5
5
5
5
5
5
5
5
5
5
5
5
5
5
5
5
5
5
5
5
5
5
5
5
5
5
5
5
5
5
5
5
5
5
5
5
12
17
-37
-17
103
17
-122
17
103
-17
-37
17
12
5
5
5
5
5
5
5
5
5
5
5
5
5
5
5
5
5
5
5
5
5
5
5
5
5
5
5
5
5
5
5
5
5
5
5
5
5
5
5
5
5
5
5
20
-5
-49
48
95
-78
-78
95
48
-56
-17
77
17
-147
36
222
-90
-176
117
90
-61
-12
20
5
5
5
5
5
5
5
5
5
5
12
17
-52
-7
157
-26
-212
100
201
-117
-134
121
124
-135
-100
193
60
-176
7
118
-17
-37
17
12
5
5
5
5
5
5
5
5
5
5
5
5
5
5
5
5
5
5
5
5
5
5
5
5
5
5
5
5
5
5
5
5
5
5
5
5
20
-5
-49
48
95
-78
-78
95
48
-49
-5
20
5
5
5
5
5
5
5
5
5
5
5
5
5
5
5
5
5
5
5
5
5
5
5
5
5
5
5
5
5
5
5
5
5
5
5
5
12
17
-37
-17
103
17
-122
17
103
-17
-37
17
12
5
5
20
-5
-49
48
95
-78
-78
95
48
-49
-5
20
5
5
5
5
5
5
12
17
-37
-17
103
17
-129
5
160
-5
-189
48
229
-90
-176
124
102
-118
-24
187
-36
-266
143
291
-200
-217
204
155
-147
-88
110
48
-49
-5
20
5
5
5
20
-5
-49
48
95
-78
-78
95
48
-49
-5
20
5
5
5
5
5
5
5
5
5
5
12
17
-37
-17
103
17
-122
17
118
-27
-91
60
102
-78
-78
110
38
-103
38
110
-78
-78
95
48
-49
-5
20
5
5
5
5
5
5
5
5
5
5
5
5
5
5
5
5
5
5
20
-5
-49
48
95
-78
-78
110
38
-103
38
110
-78
-78
102
60
-91
-27
118
17
-122
17
103
-17
-37
17
12
5
5
5
5
5
5
5
5
5
5
20
-5
-49
48
95
-78
-78
102
60
-91
-27
118
17
-122
17
103
-17
-37
17
12
5
5
5
5
5
5
5
5
5
12
17
-37
-17
103
17
-122
17
103
-17
-37
24
24
-37
-17
118
7
-176
60
193
-100
-120
107
70
-59
-59
70
107
-120
-100
193
60
-176
7
118
-17
-37
24
24
-37
-17
103
17
-122
17
118
-27
-91
60
117
-88
-132
145
150
-174
-110
208
60
-176
7
133
-27
-91
60
102
-78
-93
105
117
-102
-149
153
190
-210
-143
247
70
-191
7
118
-17
-37
24
24
-37
-17
103
17
-122
17
118
-27
-91
60
102
-78
-78
95
48
-49
-5
20
5
5
12
17
-37
-17
110
29
-164
-5
201
-5
-164
29
110
-17
-37
17
12
5
5
5
5
5
5
5
5
5
5
5
5
5
12
17
-37
-17
110
29
-164
-5
201
-5
-164
29
110
-17
-37
17
12
5
5
5
5
5
12
17
-37
-17
103
17
-122
17
118
-27
-91
60
102
-78
-78
102
60
-91
-27
125
29
-164
-5
201
-5
-164
29
110
-17
-37
24
24
-37
-17
103
17
-122
17
118
-27
-91
60
102
-78
-78
95
48
-49
-5
20
5
5
5
5
5
5
12
17
-37
-17
118
7
-176
60
193
-100
-120
114
67
-91
-27
118
17
-122
17
110
-5
-79
2
122
-25
-144
130
105
-198
18
212
-81
-162
85
168
-47
-186
75
193
-100
-120
114
67
-91
-27
118
17
-122
24
130
-69
-113
158
114
-205
-66
208
16
-145
50
117
-78
-78
102
60
-91
-27
118
17
-122
17
118
-27
-91
67
114
-120
-100
193
60
-176
7
125
-5
-79
2
122
-25
-144
115
115
-144
-25
115
-10
-37
17
12
5
5
5
5
5
5
5
5
5
5
27
7
-91
26
193
-66
-205
114
158
-113
-69
145
14
-176
60
215
-98
-216
128
243
-120
-215
129
158
-113
-69
130
24
-122
17
118
-27
-91
60
102
-78
-78
102
60
-91
-27
118
17
-122
24
115
-59
-59
115
39
-132
-37
161
63
-174
-23
207
-45
-186
135
180
-184
-164
251
165
-269
-130
251
116
-174
-76
124
60
-91
-20
130
-25
-144
115
115
-144
-25
115
-10
-37
17
12
5
5
5
5
5
5
5
5
5
5
20
-5
-49
48
95
-78
-78
102
60
-91
-27
133
7
-176
67
220
-152
-196
248
172
-269
-130
258
128
-216
-98
215
60
-176
7
133
-27
-91
60
102
-78
-78
95
48
-49
-5
20
5
5
20
-5
-49
48
95
-78
-78
95
48
-49
-5
20
5
5
5
12
17
-37
-17
118
7
-176
60
208
-110
-174
150
145
-132
-88
132
50
-145
16
208
-66
-205
107
161
-81
-101
75
117
-88
-132
138
138
-132
-88
110
48
-49
-5
20
5
5
5
5
5
5
5
5
5
5
5
5
5
5
5
5
5
5
5
5
12
17
-37
-17
103
17
-122
17
110
-5
-79
-5
125
7
-176
60
193
-100
-120
107
55
-49
-5
20
5
5
5
5
5
5
5
5
5
5
5
5
5
5
20
-5
-49
48
95
-78
-78
95
48
-49
-5
20
5
5
12
17
-37
-17
103
17
-122
17
118
-27
-91
60
102
-78
-78
102
60
-91
-27
118
17
-122
17
103
-17
-37
17
12
5
5
5
5
5
5
5
5
5
5
20
-5
-49
48
95
-78
-78
102
60
-91
-27
125
29
-164
2
220
-35
-228
120
225
-196
-163
267
107
-267
-40
270
3
-240
65
223
-110
-174
150
145
-132
-88
117
60
-91
-27
133
7
-176
60
208
-110
-174
150
145
-132
-88
125
38
-103
38
110
-78
-78
95
48
-49
-5
35
-5
-49
48
110
-88
-132
138
153
-142
-142
168
143
-196
-99
250
67
-257
-20
273
8
-282
43
321
-98
-301
169
255
-196
-152
220
67
-176
14
145
-69
-113
158
114
-205
-66
200
38
-133
-15
140
7
-176
67
220
-152
-196
248
157
-259
-76
230
28
-187
35
227
-108
-227
212
185
-250
-111
286
82
-301
-4
309
-87
-238
180
192
